Group	????
{
	Mob	8001
	Type	drop
	1	50300	1	350
	2	50132	1	25
	3	72301	1	25
	4	71085	1	100
	5	71084	1	100
	6	76026	1	70
	7	76034	1	70
	8	38052	1	1
}

Group	????
{
	Mob	8002
	Type	drop
	1	50300	1	350
	2	50132	1	25
	3	72301	1	25
	4	71085	1	100
	5	71084	1	100
	6	76026	1	70
	7	76034	1	70
	8	38052	1	1
}

Group	????
{
	Mob	8003
	Type	drop
	1	50300	1	350
	2	50132	1	25
	3	72301	1	25
	4	71085	1	100
	5	71084	1	190
	6	76026	1	70
	7	76034	1	70
	8	38052	1	1
}

Group	????
{
	Mob	8004
	Type	drop
	1	50300	1	350
	2	50132	1	25
	3	72301	1	25
	4	71085	1	100
	5	71084	1	190
	6	76026	1	70
	7	76034	1	70
	8	38052	1	1
}

Group	????
{
	Mob	8005
	Type	drop
	1	50300	1	350
	2	50132	1	25
	3	72301	1	45
	4	71085	1	100
	5	71084	2	190
	6	76026	1	70
	7	76034	1	70
	8	38052	1	1
}

Group	????
{
	Mob	191
	Type	drop
	1	50132	3	70
	2	72301	3	70
	3	71085	3	70
	4	71084	3	70
}

Group	????
{
	Mob	194
	Type	drop
	1	50132	3	70
	2	72301	3	70
	3	71085	3	70
	4	71084	3	70
}

Group	????
{
	Mob	8006
	Type	drop
	1	50300	1	350
	2	50132	2	190
	3	72301	1	45
	4	71085	1	100
	5	71084	3	190
	6	50252	1	30
	7	30005	1	10
	8	30011	1	10
	9	30021	1	100
	10	76026	1	70
	11	76034	1	70
	12	38052	1	1
}

Group	????
{
	Mob	8007
	Type	drop
	1	50300	1	350
	2	50132	1	25
	3	72301	1	50
	4	71085	1	100
	5	71084	4	190
	6	50252	1	30
	7	30005	1	10
	8	30011	1	10
	9	30021	1	10
	10	76026	1	70
	11	76034	1	70
	12	38052	1	1
}

Group	????
{
	Mob	591
	Type	drop
	1	38055	1	350
	2	39028	2	200
	3	25040	1	200
	4	50132	1	150
	5	71085	1	30
	6	50074	1	300
}

Group	????
{
	Mob	491
	Type	drop
	1	15080	1	50
	2	17100	1	50
	3	11230	1	50
	4	14100	1	50
	5	16100	1	50
}

Group	????
{
	Mob	492
	Type	drop
	1	13020	1	50
	2	12640	1	50
	3	12500	1	50
	4	12360	1	50
	5	12220	1	50
}

Group	????
{
	Mob	493
	Type	drop
	1	11840	1	50
	2	11830	1	50
	3	11640	1	50
	4	11630	1	50
}

Group	????
{
	Mob	494
	Type	drop
	1	11440	1	50
	2	11430	1	50
	3	11240	1	50
	4	11230	1	50
}

Group	????
{
	Mob	205
	Type	drop
	1	30005	1	3
	2	30011	1	3
	3	30021	1	3
	4	72301	1	1
	5	71085	1	1
	6	71084	1	1
}

Group	????
{
	Mob	402
	Type	drop
	1	30005	1	3
	2	30011	1	3
	3	30021	1	3
	4	72301	1	1
	5	71085	1	1
	6	71084	1	1
}

Group	????
{
	Mob	401
	Type	drop
	1	30005	1	3
	2	30011	1	3
	3	30021	1	3
	4	72301	1	1
	5	71085	1	1
	6	71084	1	1
}

Group	????
{
	Mob	403
	Type	drop
	1	30005	1	3
	2	30011	1	3
	3	30021	1	3
	4	72301	1	1
	5	71085	1	1
	6	71084	1	1
}

Group	????
{
	Mob	404
	Type	drop
	1	30005	1	3
	2	30011	1	3
	3	30021	1	3
	4	72301	1	1
	5	71085	1	1
	6	71084	1	1
}

Group	????
{
	Mob	405
	Type	drop
	1	30005	1	3
	2	30011	1	3
	3	30021	1	3
	4	72301	1	1
	5	71085	1	1
	6	71084	1	1
}

Group	????
{
	Mob	406
	Type	drop
	1	30005	1	3
	2	30011	1	3
	3	30021	1	3
	4	72301	1	1
	5	71085	1	1
	6	71084	1	1
}

Group	????
{
	Mob	431
	Type	drop
	1	30005	1	3
	2	30011	1	3
	3	30021	1	3
	4	72301	1	1
	5	71085	1	1
	6	71084	1	1
}

Group	????
{
	Mob	432
	Type	drop
	1	30005	1	3
	2	30011	1	3
	3	30021	1	3
	4	72301	1	1
	5	71085	1	1
	6	71084	1	1
}

Group	????
{
	Mob	433
	Type	drop
	1	30005	1	3
	2	30011	1	3
	3	30021	1	3
	4	72301	1	1
	5	71085	1	1
	6	71084	1	1
}

Group	????
{
	Mob	434
	Type	drop
	1	30005	1	3
	2	30011	1	3
	3	30021	1	3
	4	72301	1	1
	5	71085	1	1
	6	71084	1	1
}

Group	????
{
	Mob	435
	Type	drop
	1	30005	1	3
	2	30011	1	3
	3	30021	1	3
	4	72301	1	1
	5	71085	1	1
	6	71084	1	1
}

Group	????
{
	Mob	436
	Type	drop
	1	30005	1	3
	2	30011	1	3
	3	30021	1	3
	4	72301	1	1
	5	71085	1	1
	6	71084	1	1
}

Group	????
{
	Mob	451
	Type	drop
	1	30005	1	3
	2	30011	1	3
	3	30021	1	3
	4	72301	1	1
	5	71085	1	1
	6	71084	1	1
}

Group	????
{
	Mob	452
	Type	drop
	1	30005	1	3
	2	30011	1	3
	3	30021	1	3
	4	72301	1	1
	5	71085	1	1
	6	71084	1	1
}

Group	????
{
	Mob	453
	Type	drop
	1	30005	1	3
	2	30011	1	3
	3	30021	1	3
	4	72301	1	1
	5	71085	1	1
	6	71084	1	1
}

Group	????
{
	Mob	454
	Type	drop
	1	30005	1	3
	2	30011	1	3
	3	30021	1	3
	4	72301	1	1
	5	71085	1	1
	6	71084	1	1
}

Group	????
{
	Mob	455
	Type	drop
	1	30005	1	3
	2	30011	1	3
	3	30021	1	3
	4	72301	1	1
	5	71085	1	1
	6	71084	1	1
}

Group	????
{
	Mob	501
	Type	drop
	1	30005	1	3
	2	30011	1	3
	3	30021	1	3
	4	72301	1	1
	5	71085	1	1
	6	71084	1	1
}

Group	????
{
	Mob	456
	Type	drop
	1	30005	1	3
	2	30011	1	3
	3	30021	1	3
	4	72301	1	1
	5	71085	1	1
	6	71084	1	1
}

Group	????
{
	Mob	503
	Type	drop
	1	30005	1	3
	2	30011	1	3
	3	30021	1	3
	4	72301	1	1
	5	71085	1	1
	6	71084	1	1
}

Group	????
{
	Mob	504
	Type	drop
	1	30005	1	3
	2	30011	1	3
	3	30021	1	3
	4	72301	1	1
	5	71085	1	1
	6	71084	1	1
}

Group	????
{
	Mob	531
	Type	drop
	1	30005	1	3
	2	30011	1	3
	3	30021	1	3
	4	72301	1	1
	5	71085	1	1
	6	71084	1	1
}

Group	????
{
	Mob	532
	Type	drop
	1	30005	1	3
	2	30011	1	3
	3	30021	1	3
	4	72301	1	1
	5	71085	1	1
	6	71084	1	1
	4	38055	1	5
}

Group	????
{
	Mob	533
	Type	drop
	1	30005	1	3
	2	30011	1	3
	3	30021	1	3
	4	72301	1	1
	5	71085	1	1
	6	71084	1	1
	4	38055	1	5
}

Group	????
{
	Mob	534
	Type	drop
	1	30005	1	3
	2	30011	1	3
	3	30021	1	3
	4	72301	1	1
	5	71085	1	1
	6	71084	1	1
	4	38055	1	5
}

Group	????
{
	Mob	551
	Type	drop
	1	30005	1	3
	2	30011	1	3
	3	30021	1	3
	4	72301	1	1
	5	71085	1	1
	6	71084	1	1
}

Group	????
{
	Mob	552
	Type	drop
	1	30005	1	3
	2	30011	1	3
	3	30021	1	3
	4	72301	1	1
	5	71085	1	1
	6	71084	1	1
	4	72301	1	1
	5	71085	1	1
	6	71084	1	1
}

Group	????
{
	Mob	553
	Type	drop
	1	30005	1	3
	2	30011	1	3
	3	30021	1	3
	4	72301	1	1
	5	71085	1	1
	6	71084	1	1
	4	72301	1	1
	5	71085	1	1
	6	71084	1	1
}

Group	????
{
	Mob	554
	Type	drop
	1	30005	1	3
	2	30011	1	3
	3	30021	1	3
	4	72301	1	1
	5	71085	1	1
	6	71084	1	1
	4	72301	1	1
	5	71085	1	1
	6	71084	1	1
}


Group	????
{
	Mob	8008
	Type	drop
	1	50300	1	350
	2	50132	1	25
	3	72301	1	25
	4	71085	1	100
	5	71084	4	190
	6	50252	1	30
	7	30005	1	10
	8	30011	1	10
	9	30021	1	10
	10	76026	1	70
	11	76034	1	70
	12	38052	1	1
	13	50513	1	8
}

Group	????
{
	Mob	8009
	Type	drop
	1	50300	1	350
	2	50132	1	25
	3	72301	1	45
	4	71085	1	100
	5	71084	4	190
	6	50252	1	30
	7	30005	1	10
	8	30011	1	10
	9	30021	1	10
	10	76026	1	70
	11	76034	1	70
	12	38052	1	1
	13	50513	1	8
}

Group	????
{
	Mob	8010
	Type	drop
	1	50300	1	350
	2	50132	1	25
	3	72301	1	45
	4	71085	1	100
	5	71084	5	190
	6	50252	1	30
	7	30005	1	10
	8	30011	1	10
	9	30021	1	10
	10	76026	1	70
	11	76034	1	70
	12	38052	1	1
	13	50513	1	8
	14	30032	1	10
	15	30012	1	10
	16	30009	1	10
}

Group	????
{
	Mob	8011
	Type	drop
	1	50300	1	350
	2	50132	1	25
	3	72301	1	45
	4	71085	1	100
	5	71084	5	190
	6	50252	1	30
	7	30005	1	10
	8	30011	1	10
	9	30021	1	10
	10	76026	1	70
	11	76034	1	70
	12	38052	1	1
	13	50513	1	8
	14	30032	1	10
	15	30012	1	10
	16	30009	1	10
	17	27999	1	7
}

Group	????
{
	Mob	691
	Type	drop
	1	50074	1	300
	2	25040	1	300
	3	39028	5	300
	4	50513	1	5
	5	72314	1	8
	6	50252	5	20
}

Group	????
{
	Mob	2191
	Type	drop
	1	50074	1	300
	2	25040	1	300
	3	39028	5	300
	4	50513	1	5
	5	72314	1	8
	6	50252	5	20
}

Group	????
{
	Mob	2191
	Type	drop
	1	50074	1	300
	2	25040	1	300
	3	39028	5	300
	4	50513	1	5
	5	72314	1	8
	6	50252	5	20
}

Group	????
{
	Mob	657
	Type	drop
	1	30005	1	2
	2	30011	1	2
	3	30021	1	2
	4	72301	1	1
	5	71085	1	1
	6	71084	1	1
	7	30039	1	2
	8	30051	1	2
	9	30008	1	2
}

Group	????
{
	Mob	601
	Type	drop
	1	30005	1	2
	2	30011	1	2
	3	30021	1	2
	4	72301	1	1
	5	71085	1	1
	6	71084	1	1
	7	30039	1	2
	8	30051	1	2
	9	30008	1	2
	10	30006	1	2
}

Group	????
{
	Mob	602
	Type	drop
	1	30005	1	2
	2	30011	1	2
	3	30021	1	2
	4	72301	1	1
	5	71085	1	1
	6	71084	1	1
	7	30039	1	2
	8	30051	1	2
	9	30008	1	2
}

Group	????
{
	Mob	604
	Type	drop
	1	30005	1	2
	2	30011	1	2
	3	30021	1	2
	4	72301	1	1
	5	71085	1	1
	6	71084	1	1
	7	30039	1	2
	8	30051	1	2
	9	30008	1	2
}

Group	????
{
	Mob	631
	Type	drop
	1	30005	1	2
	2	30011	1	2
	3	30021	1	2
	4	72301	1	1
	5	71085	1	1
	6	71084	1	1
	7	30039	1	2
	8	30051	1	2
	9	30008	1	2
}

Group	????
{
	Mob	632
	Type	drop
	1	30005	1	2
	2	30011	1	2
	3	30021	1	2
	4	72301	1	1
	5	71085	1	1
	6	71084	1	1
	7	30039	1	2
	8	30051	1	2
	9	30008	1	2
}

Group	????
{
	Mob	633
	Type	drop
	1	30005	1	2
	2	30011	1	2
	3	30021	1	2
	4	72301	1	1
	5	71085	1	1
	6	71084	1	1
	7	30039	1	2
	8	30051	1	2
	9	30008	1	2
}

Group	????
{
	Mob	634
	Type	drop
	1	30005	1	2
	2	30011	1	2
	3	30021	1	2
	4	72301	1	1
	5	71085	1	1
	6	71084	1	1
	7	30039	1	2
	8	30051	1	2
	9	30008	1	2
}

Group	????
{
	Mob	635
	Type	drop
	1	30005	1	2
	2	30011	1	2
	3	30021	1	2
	4	72301	1	1
	5	71085	1	1
	6	71084	1	1
	7	30039	1	2
	8	30051	1	2
	9	30008	1	2
}

Group	????
{
	Mob	636
	Type	drop
	1	30005	1	2
	2	30011	1	2
	3	30021	1	2
	4	72301	1	1
	5	71085	1	1
	6	71084	1	1
	7	30039	1	2
	8	30051	1	2
	9	30008	1	2
	10	30006	1	2
}

Group	????
{
	Mob	637
	Type	drop
	1	30005	1	2
	2	30011	1	2
	3	30021	1	2
	4	72301	1	1
	5	71085	1	1
	6	71084	1	1
	7	30039	1	2
	8	30051	1	2
	9	30008	1	2
	10	30006	1	2
}

Group	????
{
	Mob	651
	Type	drop
	1	30005	1	2
	2	30011	1	2
	3	30021	1	2
	4	72301	1	1
	5	71085	1	1
	6	71084	1	1
	7	30039	1	2
	8	30051	1	2
	9	30008	1	2
	10	30006	1	2
}

Group	????
{
	Mob	652
	Type	drop
	1	30005	1	2
	2	30011	1	2
	3	30021	1	2
	4	72301	1	1
	5	71085	1	1
	6	71084	1	1
	7	30039	1	2
	8	30051	1	2
	9	30008	1	2
}

Group	????
{
	Mob	653
	Type	drop
	1	30005	1	2
	2	30011	1	2
	3	30021	1	2
	4	72301	1	1
	5	71085	1	1
	6	71084	1	1
	7	30039	1	2
	8	30051	1	2
	9	30008	1	2
}

Group	????
{
	Mob	654
	Type	drop
	1	30005	1	2
	2	30011	1	2
	3	30021	1	2
	4	72301	1	1
	5	71085	1	1
	6	71084	1	1
	7	30039	1	2
	8	30051	1	2
	9	30008	1	2
}

Group	????
{
	Mob	655
	Type	drop
	1	30005	1	2
	2	30011	1	2
	3	30021	1	2
	4	72301	1	1
	5	71085	1	1
	6	71084	1	1
	7	30039	1	2
	8	30051	1	2
	9	30008	1	2
}

Group	????
{
	Mob	656
	Type	drop
	1	30005	1	2
	2	30011	1	2
	3	30021	1	2
	4	72301	1	1
	5	71085	1	1
	6	71084	1	1
	7	30039	1	2
	8	30051	1	2
	9	30008	1	2
	10	30006	1	3
}

Group	????
{
	Mob	757
	Type	drop
	1	30005	1	2
	2	30011	1	2
	3	30021	1	2
	4	72301	1	1
	5	71085	1	1
	6	71084	1	1
	7	30039	1	2
	8	30051	1	2
	9	30008	1	2
}

Group	????
{
	Mob	756
	Type	drop
	1	30005	1	2
	2	30011	1	2
	3	30021	1	2
	4	72301	1	1
	5	71085	1	1
	6	71084	1	1
	7	30039	1	2
	8	30051	1	2
	9	30008	1	2
}

Group	????
{
	Mob	755
	Type	drop
	1	30005	1	2
	2	30011	1	2
	3	30021	1	2
	4	72301	1	1
	5	71085	1	1
	6	71084	1	1
	7	30039	1	2
	8	30051	1	2
	9	30008	1	2
	10	30047	1	2
}

Group	????
{
	Mob	754
	Type	drop
	1	30005	1	2
	2	30011	1	2
	3	30021	1	2
	4	72301	1	1
	5	71085	1	1
	6	71084	1	1
	7	30039	1	2
	8	30051	1	2
	9	30008	1	2
}

Group	????
{
	Mob	753
	Type	drop
	1	30005	1	2
	2	30011	1	2
	3	30021	1	2
	4	72301	1	1
	5	71085	1	1
	6	71084	1	1
	7	30039	1	2
	8	30051	1	2
	9	30008	1	2
}

Group	????
{
	Mob	752
	Type	drop
	1	30005	1	2
	2	30011	1	2
	3	30021	1	2
	4	72301	1	1
	5	71085	1	1
	6	71084	1	1
	7	30039	1	2
	8	30051	1	2
	9	30008	1	2
}

Group	????
{
	Mob	751
	Type	drop
	1	30005	1	2
	2	30011	1	2
	3	30021	1	2
	4	72301	1	1
	5	71085	1	1
	6	71084	1	1
	7	30039	1	2
	8	30051	1	2
	9	30008	1	2
}

Group	????
{
	Mob	737
	Type	drop
	1	30005	1	2
	2	30011	1	2
	3	30021	1	2
	4	72301	1	1
	5	71085	1	1
	6	71084	1	1
	7	30039	1	2
	8	30051	1	2
	9	30008	1	2
}

Group	????
{
	Mob	736
	Type	drop
	1	30005	1	2
	2	30011	1	2
	3	30021	1	2
	4	72301	1	1
	5	71085	1	1
	6	71084	1	1
	7	30039	1	2
	8	30051	1	2
	9	30008	1	2
}

Group	????
{
	Mob	735
	Type	drop
	1	30005	1	2
	2	30011	1	2
	3	30021	1	2
	4	72301	1	1
	5	71085	1	1
	6	71084	1	1
	7	30039	1	2
	8	30051	1	2
	9	30008	1	2
}

Group	????
{
	Mob	734
	Type	drop
	1	30005	1	2
	2	30011	1	2
	3	30021	1	2
	4	72301	1	1
	5	71085	1	1
	6	71084	1	1
	7	30039	1	2
	8	30051	1	2
	9	30008	1	2
}

Group	????
{
	Mob	733
	Type	drop
	1	30005	1	2
	2	30011	1	2
	3	30021	1	2
	4	72301	1	1
	5	71085	1	1
	6	71084	1	1
	7	30039	1	2
	8	30051	1	2
	9	30008	1	2
}

Group	????
{
	Mob	732
	Type	drop
	1	30005	1	2
	2	30011	1	2
	3	30021	1	2
	4	72301	1	1
	5	71085	1	1
	6	71084	1	1
	7	30039	1	2
	8	30051	1	2
	9	30008	1	2
}

Group	????
{
	Mob	731
	Type	drop
	1	30005	1	2
	2	30011	1	2
	3	30021	1	2
	4	72301	1	1
	5	71085	1	1
	6	71084	1	1
	7	30039	1	2
	8	30051	1	2
	9	30008	1	2
}

Group	????
{
	Mob	707
	Type	drop
	1	30005	1	2
	2	30011	1	2
	3	30021	1	2
	4	72301	1	1
	5	71085	1	1
	6	71084	1	1
	7	30039	1	2
	8	30051	1	2
	9	30008	1	2
	7	30039	1	2
	8	30051	1	2
	9	30008	1	2
}

Group	????
{
	Mob	706
	Type	drop
	1	30005	1	2
	2	30011	1	2
	3	30021	1	2
	4	72301	1	1
	5	71085	1	1
	6	71084	1	1
	7	30039	1	2
	8	30051	1	2
	9	30008	1	2
	10	30047	1	2
}

Group	????
{
	Mob	705
	Type	drop
	1	30005	1	2
	2	30011	1	2
	3	30021	1	2
	4	72301	1	1
	5	71085	1	1
	6	71084	1	1
	7	30039	1	2
	8	30051	1	2
	9	30008	1	2
	10	30047	1	2
}

Group	????
{
	Mob	704
	Type	drop
	1	30005	1	2
	2	30011	1	2
	3	30021	1	2
	4	72301	1	1
	5	71085	1	1
	6	71084	1	1
	7	30039	1	2
	8	30051	1	2
	9	30008	1	2
	10	30047	1	2
}

Group	????
{
	Mob	703
	Type	drop
	1	30005	1	2
	2	30011	1	2
	3	30021	1	2
	4	72301	1	1
	5	71085	1	1
	6	71084	1	1
	7	30039	1	2
	8	30051	1	2
	9	30008	1	2
	10	30047	1	2
}

Group	????
{
	Mob	702
	Type	drop
	1	30005	1	2
	2	30011	1	2
	3	30021	1	2
	4	72301	1	1
	5	71085	1	1
	6	71084	1	1
	7	30039	1	2
	8	30051	1	2
	9	30008	1	2
	10	30047	1	2
}

Group	????
{
	Mob	701
	Type	drop
	1	30005	1	2
	2	30011	1	2
	3	30021	1	2
	4	72301	1	1
	5	71085	1	1
	6	71084	1	1
	7	30039	1	2
	8	30051	1	2
	9	30008	1	2
}

Group	????
{
	Mob	902
	Type	drop
	1	30005	1	2
	2	30011	1	2
	3	30021	1	2
	4	72301	1	1
	5	71085	1	1
	6	71084	1	1
	7	30039	1	2
	8	30051	1	2
	9	30008	1	2
	10	30032	1	1
	11	30012	1	1
	12	30009	1	1
}

Group	????
{
	Mob	903
	Type	drop
	1	30005	1	2
	2	30011	1	2
	3	30021	1	2
	4	72301	1	1
	5	71085	1	1
	6	71084	1	1
	7	30039	1	2
	8	30051	1	2
	9	30008	1	2
	10	30032	1	1
	11	30012	1	1
	12	30009	1	1
}

Group	????
{
	Mob	904
	Type	drop
	1	30005	1	2
	2	30011	1	2
	3	30021	1	2
	4	72301	1	1
	5	71085	1	1
	6	71084	1	1
	7	30039	1	2
	8	30051	1	2
	9	30008	1	2
	10	30032	1	1
	11	30012	1	1
	12	30009	1	1
}

Group	????
{
	Mob	905
	Type	drop
	1	30005	1	2
	2	30011	1	2
	3	30021	1	2
	4	72301	1	1
	5	71085	1	1
	6	71084	1	1
	7	30039	1	2
	8	30051	1	2
	9	30008	1	2
	10	30032	1	1
	11	30012	1	1
	12	30009	1	1
}

Group	????
{
	Mob	906
	Type	drop
	1	30005	1	2
	2	30011	1	2
	3	30021	1	2
	4	72301	1	1
	5	71085	1	1
	6	71084	1	1
	7	30039	1	2
	8	30051	1	2
	9	30008	1	2
	10	30032	1	1
	11	30012	1	1
	12	30009	1	1
}

Group	????
{
	Mob	931
	Type	drop
	1	30005	1	2
	2	30011	1	2
	3	30021	1	2
	4	72301	1	1
	5	71085	1	1
	6	71084	1	1
	7	30039	1	2
	8	30051	1	2
	9	30008	1	2
	10	30032	1	1
	11	30012	1	1
	12	30009	1	1
}

Group	????
{
	Mob	932
	Type	drop
	1	30005	1	2
	2	30011	1	2
	3	30021	1	2
	4	72301	1	1
	5	71085	1	1
	6	71084	1	1
	7	30039	1	2
	8	30051	1	2
	9	30008	1	2
	10	30032	1	1
	11	30012	1	1
	12	30009	1	1
}

Group	????
{
	Mob	933
	Type	drop
	1	30005	1	2
	2	30011	1	2
	3	30021	1	2
	4	72301	1	1
	5	71085	1	1
	6	71084	1	1
	7	30039	1	2
	8	30051	1	2
	9	30008	1	2
	10	30032	1	1
	11	30012	1	1
	12	30009	1	1
}

Group	????
{
	Mob	934
	Type	drop
	1	30005	1	2
	2	30011	1	2
	3	30021	1	2
	4	72301	1	1
	5	71085	1	1
	6	71084	1	1
	7	30039	1	2
	8	30051	1	2
	9	30008	1	2
	10	30032	1	1
	11	30012	1	1
	12	30009	1	1
}

Group	????
{
	Mob	935
	Type	drop
	1	30005	1	2
	2	30011	1	2
	3	30021	1	2
	4	72301	1	1
	5	71085	1	1
	6	71084	1	1
	7	30039	1	2
	8	30051	1	2
	9	30008	1	2
	10	30032	1	1
	11	30012	1	1
	12	30009	1	1
}

Group	????
{
	Mob	936
	Type	drop
	1	30005	1	2
	2	30011	1	2
	3	30021	1	2
	4	72301	1	1
	5	71085	1	1
	6	71084	1	1
	7	30039	1	2
	8	30051	1	2
	9	30008	1	2
	10	30032	1	1
	11	30012	1	1
	12	30009	1	1
}

Group	????
{
	Mob	1101
	Type	drop
	1	30005	1	2
	2	30011	1	2
	3	30021	1	2
	4	72301	1	1
	5	71085	1	1
	6	71084	1	1
	7	30039	1	2
	8	30051	1	2
	9	30008	1	2
	10	30032	1	1
	11	30012	1	1
	12	30009	1	1
	13	30050	1	2
}

Group	????
{
	Mob	1102
	Type	drop
	1	30005	1	2
	2	30011	1	2
	3	30021	1	2
	4	72301	1	1
	5	71085	1	1
	6	71084	1	1
	7	30039	1	2
	8	30051	1	2
	9	30008	1	2
	10	30032	1	1
	11	30012	1	1
	12	30009	1	1
	13	30050	1	2
}

Group	????
{
	Mob	1103
	Type	drop
	1	30005	1	2
	2	30011	1	2
	3	30021	1	2
	4	72301	1	1
	5	71085	1	1
	6	71084	1	1
	7	30039	1	2
	8	30051	1	2
	9	30008	1	2
	10	30032	1	1
	11	30012	1	1
	12	30009	1	1
	13	30050	1	2
}

Group	????
{
	Mob	1104
	Type	drop
	1	30005	1	2
	2	30011	1	2
	3	30021	1	2
	4	72301	1	1
	5	71085	1	1
	6	71084	1	1
	7	30039	1	2
	8	30051	1	2
	9	30008	1	2
	10	30032	1	1
	11	30012	1	1
	12	30009	1	1
	13	30050	1	2
}

Group	????
{
	Mob	1105
	Type	drop
	1	30005	1	2
	2	30011	1	2
	3	30021	1	2
	4	72301	1	1
	5	71085	1	1
	6	71084	1	1
	7	30039	1	2
	8	30051	1	2
	9	30008	1	2
	10	30032	1	1
	11	30012	1	1
	12	30009	1	1
	13	30050	1	2
}

Group	????
{
	Mob	1106
	Type	drop
	1	30005	1	2
	2	30011	1	2
	3	30021	1	2
	4	72301	1	1
	5	71085	1	1
	6	71084	1	1
	7	30039	1	2
	8	30051	1	2
	9	30008	1	2
	10	30032	1	1
	11	30012	1	1
	12	30009	1	1
	13	30050	1	2
}

Group	????
{
	Mob	1107
	Type	drop
	1	30005	1	2
	2	30011	1	2
	3	30021	1	2
	4	72301	1	1
	5	71085	1	1
	6	71084	1	1
	7	30039	1	2
	8	30051	1	2
	9	30008	1	2
	10	30032	1	1
	11	30012	1	1
	12	30009	1	1
	13	30050	1	2
}

Group	????
{
	Mob	1131
	Type	drop
	1	30005	1	2
	2	30011	1	2
	3	30021	1	2
	4	72301	1	1
	5	71085	1	1
	6	71084	1	1
	7	30039	1	2
	8	30051	1	2
	9	30008	1	2
	10	30032	1	1
	11	30012	1	1
	12	30009	1	1
}

Group	????
{
	Mob	1132
	Type	drop
	1	30005	1	2
	2	30011	1	2
	3	30021	1	2
	4	72301	1	1
	5	71085	1	1
	6	71084	1	1
	7	30039	1	2
	8	30051	1	2
	9	30008	1	2
}

Group	????
{
	Mob	1133
	Type	drop
	1	30005	1	2
	2	30011	1	2
	3	30021	1	2
	4	72301	1	1
	5	71085	1	1
	6	71084	1	1
	7	30039	1	2
	8	30051	1	2
	9	30008	1	2
	10	30032	1	1
	11	30012	1	1
	12	30009	1	1
}

Group	????
{
	Mob	1134
	Type	drop
	1	30005	1	2
	2	30011	1	2
	3	30021	1	2
	4	72301	1	1
	5	71085	1	1
	6	71084	1	1
	7	30039	1	2
	8	30051	1	2
	9	30008	1	2
	10	30032	1	1
	11	30012	1	1
	12	30009	1	1
}

Group	????
{
	Mob	1135
	Type	drop
	1	30005	1	2
	2	30011	1	2
	3	30021	1	2
	4	72301	1	1
	5	71085	1	1
	6	71084	1	1
	7	30039	1	2
	8	30051	1	2
	9	30008	1	2
	10	30032	1	1
	11	30012	1	1
	12	30009	1	1
}

Group	????
{
	Mob	1136
	Type	drop
	1	30005	1	2
	2	30011	1	2
	3	30021	1	2
	4	72301	1	1
	5	71085	1	1
	6	71084	1	1
	7	30039	1	2
	8	30051	1	2
	9	30008	1	2
	10	30032	1	1
	11	30012	1	1
	12	30009	1	1
}

Group	????
{
	Mob	1137
	Type	drop
	1	30005	1	2
	2	30011	1	2
	3	30021	1	2
	4	72301	1	1
	5	71085	1	1
	6	71084	1	1
	7	30039	1	2
	8	30051	1	2
	9	30008	1	2
	10	30032	1	1
	11	30012	1	1
	12	30009	1	1
}

Group	????
{
	Mob	1151
	Type	drop
	1	30005	1	2
	2	30011	1	2
	3	30021	1	2
	4	72301	1	1
	5	71085	1	1
	6	71084	1	1
	7	30039	1	2
	8	30051	1	2
	9	30008	1	2
	10	30032	1	1
	11	30012	1	1
	12	30009	1	1
}

Group	????
{
	Mob	1152
	Type	drop
	1	30005	1	2
	2	30011	1	2
	3	30021	1	2
	4	72301	1	1
	5	71085	1	1
	6	71084	1	1
	7	30039	1	2
	8	30051	1	2
	9	30008	1	2
	10	30032	1	1
	11	30012	1	1
	12	30009	1	1
}

Group	????
{
	Mob	1153
	Type	drop
	1	30005	1	2
	2	30011	1	2
	3	30021	1	2
	4	72301	1	1
	5	71085	1	1
	6	71084	1	1
	7	30039	1	2
	8	30051	1	2
	9	30008	1	2
	10	30032	1	1
	11	30012	1	1
	12	30009	1	1
}

Group	????
{
	Mob	7050
	Type	drop
	1	30005	1	2
	2	30011	1	2
	3	30021	1	2
	4	72301	1	1
	5	71085	1	1
	6	71084	1	1
	7	30039	1	2
	8	30051	1	2
	9	30008	1	2
	10	30032	1	1
	11	30012	1	1
	12	30009	1	1
}

Group	????
{
	Mob	7051
	Type	drop
	1	30005	1	2
	2	30011	1	2
	3	30021	1	2
	4	72301	1	1
	5	71085	1	1
	6	71084	1	1
	7	30039	1	2
	8	30051	1	2
	9	30008	1	2
	10	30032	1	1
	11	30012	1	1
	12	30009	1	1
}

Group	????
{
	Mob	7052
	Type	drop
	1	30005	1	2
	2	30011	1	2
	3	30021	1	2
	4	72301	1	1
	5	71085	1	1
	6	71084	1	1
	7	30039	1	2
	8	30051	1	2
	9	30008	1	2
	10	30032	1	1
	11	30012	1	1
	12	30009	1	1
}

Group	????
{
	Mob	7053
	Type	drop
	1	30005	1	2
	2	30011	1	2
	3	30021	1	2
	4	72301	1	1
	5	71085	1	1
	6	71084	1	1
	7	30039	1	2
	8	30051	1	2
	9	30008	1	2
	10	30032	1	1
	11	30012	1	1
	12	30009	1	1
}

Group	????
{
	Mob	7054
	Type	drop
	1	30005	1	2
	2	30011	1	2
	3	30021	1	2
	4	72301	1	1
	5	71085	1	1
	6	71084	1	1
	7	30039	1	2
	8	30051	1	2
	9	30008	1	2
	10	30032	1	1
	11	30012	1	1
	12	30009	1	1
}

Group	????
{
	Mob	7055
	Type	drop
	1	30005	1	2
	2	30011	1	2
	3	30021	1	2
	4	72301	1	1
	5	71085	1	1
	6	71084	1	1
	7	30039	1	2
	8	30051	1	2
	9	30008	1	2
	10	30032	1	1
	11	30012	1	1
	12	30009	1	1
}

Group	????
{
	Mob	7056
	Type	drop
	1	30005	1	2
	2	30011	1	2
	3	30021	1	2
	4	72301	1	1
	5	71085	1	1
	6	71084	1	1
	7	30039	1	2
	8	30051	1	2
	9	30008	1	2
	10	30032	1	1
	11	30012	1	1
	12	30009	1	1
}

Group	????
{
	Mob	7057
	Type	drop
	1	30005	1	2
	2	30011	1	2
	3	30021	1	2
	4	72301	1	1
	5	71085	1	1
	6	71084	1	1
	7	30039	1	2
	8	30051	1	2
	9	30008	1	2
	10	30032	1	1
	11	30012	1	1
	12	30009	1	1
}

Group	????
{
	Mob	7058
	Type	drop
	1	30005	1	2
	2	30011	1	2
	3	30021	1	2
	4	72301	1	1
	5	71085	1	1
	6	71084	1	1
	7	30039	1	2
	8	30051	1	2
	9	30008	1	2
	10	30032	1	1
	11	30012	1	1
	12	30009	1	1
}

Group	????
{
	Mob	7059
	Type	drop
	1	30005	1	2
	2	30011	1	2
	3	30021	1	2
	4	72301	1	1
	5	71085	1	1
	6	71084	1	1
	7	30039	1	2
	8	30051	1	2
	9	30008	1	2
	10	30032	1	1
	11	30012	1	1
	12	30009	1	1
}

Group	????
{
	Mob	7060
	Type	drop
	1	30005	1	2
	2	30011	1	2
	3	30021	1	2
	4	72301	1	1
	5	71085	1	1
	6	71084	1	1
	7	30039	1	2
	8	30051	1	2
	9	30008	1	2
}

Group	????
{
	Mob	7061
	Type	drop
	1	30005	1	2
	2	30011	1	2
	3	30021	1	2
	4	72301	1	1
	5	71085	1	1
	6	71084	1	1
	7	30039	1	2
	8	30051	1	2
	9	30008	1	2
}

Group	????
{
	Mob	7062
	Type	drop
	1	30005	1	2
	2	30011	1	2
	3	30021	1	2
	4	72301	1	1
	5	71085	1	1
	6	71084	1	1
	7	30039	1	2
	8	30051	1	2
	9	30008	1	2
}

Group	????
{
	Mob	7063
	Type	drop
	1	30005	1	2
	2	30011	1	2
	3	30021	1	2
	4	72301	1	1
	5	71085	1	1
	6	71084	1	1
	7	30039	1	2
	8	30051	1	2
	9	30008	1	2
}

Group	????
{
	Mob	7064
	Type	drop
	1	30005	1	2
	2	30011	1	2
	3	30021	1	2
	4	72301	1	1
	5	71085	1	1
	6	71084	1	1
	7	30039	1	2
	8	30051	1	2
	9	30008	1	2
}

Group	????
{
	Mob	7065
	Type	drop
	1	30005	1	2
	2	30011	1	2
	3	30021	1	2
	4	72301	1	1
	5	71085	1	1
	6	71084	1	1
	7	30039	1	2
	8	30051	1	2
	9	30008	1	2
}

Group	????
{
	Mob	7066
	Type	drop
	1	30005	1	2
	2	30011	1	2
	3	30021	1	2
	4	72301	1	1
	5	71085	1	1
	6	71084	1	1
	7	30039	1	2
	8	30051	1	2
	9	30008	1	2
}

Group	????
{
	Mob	7067
	Type	drop
	1	30005	1	2
	2	30011	1	2
	3	30021	1	2
	4	72301	1	1
	5	71085	1	1
	6	71084	1	1
	7	30039	1	2
	8	30051	1	2
	9	30008	1	2
}

Group	????
{
	Mob	7068
	Type	drop
	1	30005	1	2
	2	30011	1	2
	3	30021	1	2
	4	72301	1	1
	5	71085	1	1
	6	71084	1	1
	7	30039	1	2
	8	30051	1	2
	9	30008	1	2
}

Group	????
{
	Mob	7069
	Type	drop
	1	30005	1	2
	2	30011	1	2
	3	30021	1	2
	4	72301	1	1
	5	71085	1	1
	6	71084	1	1
	7	30039	1	2
	8	30051	1	2
	9	30008	1	2
}

Group	????
{
	Mob	7070
	Type	drop
	1	30005	1	2
	2	30011	1	2
	3	30021	1	2
	4	72301	1	1
	5	71085	1	1
	6	71084	1	1
	7	30039	1	2
	8	30051	1	2
	9	30008	1	2
}

Group	????
{
	Mob	1902
	Type	drop
	1	50074	1	300
	2	25040	1	300
	3	39028	5	300
	4	50513	1	25
	5	72314	1	8
	6	50252	5	20
}

Group	????
{
	Mob	5103
	Type	drop
	1	30005	1	1
	2	30011	1	1
	3	30021	1	1
	4	30039	1	1
	5	30051	1	1
	6	30008	1	1
	7	50050	1	5
}


Group	????
{
	Mob	5104
	Type	drop
	1	30005	1	1
	2	30011	1	1
	3	30021	1	1
	4	30039	1	1
	5	30051	1	1
	6	30008	1	1
	7	50050	1	5
}

Group	????
{
	Mob	5101
	Type	drop
	1	30005	1	1
	2	30011	1	1
	3	30021	1	1
	4	30039	1	1
	5	30051	1	1
	6	30008	1	1
	7	50050	1	5
}

Group	????
{
	Mob	5102
	Type	drop
	1	30005	1	1
	2	30011	1	1
	3	30021	1	1
	4	30039	1	1
	5	30051	1	1
	6	30008	1	1
	7	50050	1	5
}

Group	????
{
	Mob	5161
	Type	drop
	1	50074	1	300
	2	25040	1	300
	3	39028	30	300
	4	50513	1	30
	5	72314	1	8
	6	50252	5	20
	7	50067	1	400
}

Group	????
{
	Mob	2032
	Type	drop
	1	30005	1	2
	2	30011	1	2
	3	30021	1	2
	4	72301	1	1
	5	71085	1	1
	6	71084	1	1
	7	30039	1	2
	8	30051	1	2
	9	30008	1	2
	10	30032	1	1
	11	30012	1	1
	12	30009	1	1
	13	30166	1	1
}

Group	????
{
	Mob	2033
	Type	drop
	1	30005	1	2
	2	30011	1	2
	3	30021	1	2
	4	72301	1	1
	5	71085	1	1
	6	71084	1	1
	7	30039	1	2
	8	30051	1	2
	9	30008	1	2
	10	30032	1	1
	11	30012	1	1
	12	30009	1	1
	13	30166	1	1
}

Group	????
{
	Mob	2034
	Type	drop
	1	30005	1	2
	2	30011	1	2
	3	30021	1	2
	4	72301	1	1
	5	71085	1	1
	6	71084	1	1
	7	30039	1	2
	8	30051	1	2
	9	30008	1	2
	10	30032	1	1
	11	30012	1	1
	12	30009	1	1
	13	30166	1	1
}

Group	????
{
	Mob	2035
	Type	drop
	1	30005	1	2
	2	30011	1	2
	3	30021	1	2
	4	72301	1	1
	5	71085	1	1
	6	71084	1	1
	7	30039	1	2
	8	30051	1	2
	9	30008	1	2
	10	30032	1	1
	11	30012	1	1
	12	30009	1	1
	13	30166	1	1
}

Group	????
{
	Mob	2091
	Type	drop
	1	50074	1	300
	2	25040	1	300
	3	39028	5	300
	4	50513	1	5
	5	72314	1	8
	6	50252	5	20
}

Group	????
{
	Mob	8012
	Type	drop
	1	50300	1	350
	2	50132	1	25
	3	72301	1	25
	4	71085	1	100
	5	71084	5	190
	6	50252	1	30
	7	30005	1	10
	8	30011	1	10
	9	30021	1	10
	10	76026	1	70
	11	76034	1	70
	12	38052	1	1
	13	50513	1	20
	14	30032	1	10
	15	30012	1	10
	16	30009	1	10
	17	30060	1	10
	18	30052	1	10
	19	30063	1	10
	20	27999	1	6
}

Group	????
{
	Mob	1304
	Type	drop
	1	50074	1	300
	2	25040	1	300
	3	39028	5	300
	4	50513	1	45
	5	72314	1	8
	6	50252	5	20
}

Group	????
{
	Mob	772
	Type	drop
	1	30060	1	2
	2	30052	1	2
	3	30063	1	2
}

Group	????
{
	Mob	773
	Type	drop
	1	30060	1	2
	2	30052	1	2
	3	30063	1	2
}

Group	????
{
	Mob	774
	Type	drop
	1	30060	1	2
	2	30052	1	2
	3	30063	1	2
}

Group	????
{
	Mob	775
	Type	drop
	1	30060	1	2
	2	30052	1	2
	3	30063	1	2
}

Group	????
{
	Mob	776
	Type	drop
	1	30060	1	2
	2	30052	1	2
	3	30063	1	2
}

Group	????
{
	Mob	777
	Type	drop
	1	30060	1	2
	2	30052	1	2
	3	30063	1	2
}

Group	????
{
	Mob	1303
	Type	drop
	1	30060	1	2
	2	30052	1	2
	3	30063	1	2
}

Group	????
{
	Mob	1301
	Type	drop
	1	30060	1	2
	2	30052	1	2
	3	30063	1	2
}

Group	????
{
	Mob	1302
	Type	drop
	1	30060	1	2
	2	30052	1	2
	3	30063	1	2
}

Group	????
{
	Mob	1305
	Type	drop
	1	30060	1	2
	2	30052	1	2
	3	30063	1	2
}

Group	????
{
	Mob	2135
	Type	drop
	1	30005	1	1
	2	30011	1	1
	3	30021	1	1
	4	72301	1	1
	5	71085	1	1
	6	71084	1	1
	7	30039	1	1
	8	30051	1	1
	9	30008	1	1
	10	30060	1	1
	11	30052	1	1
	12	30063	1	1
}

Group	????
{
	Mob	2134
	Type	drop
	1	30005	1	1
	2	30011	1	1
	3	30021	1	1
	4	72301	1	1
	5	71085	1	1
	6	71084	1	1
	7	30039	1	1
	8	30051	1	1
	9	30008	1	1
	10	30060	1	1
	11	30052	1	1
	12	30063	1	1
}

Group	????
{
	Mob	2133
	Type	drop
	1	30005	1	1
	2	30011	1	1
	3	30021	1	1
	4	72301	1	1
	5	71085	1	1
	6	71084	1	1
	7	30039	1	1
	8	30051	1	1
	9	30008	1	1
	10	30060	1	1
	11	30052	1	1
	12	30063	1	1
}

Group	????
{
	Mob	2132
	Type	drop
	1	30005	1	1
	2	30011	1	1
	3	30021	1	1
	4	72301	1	1
	5	71085	1	1
	6	71084	1	1
	7	30039	1	1
	8	30051	1	1
	9	30008	1	1
	10	30060	1	1
	11	30052	1	1
	12	30063	1	1
}

Group	????
{
	Mob	2131
	Type	drop
	1	30005	1	1
	2	30011	1	1
	3	30021	1	1
	4	72301	1	1
	5	71085	1	1
	6	71084	1	1
	7	30039	1	1
	8	30051	1	1
	9	30008	1	1
	10	30060	1	1
	11	30052	1	1
	12	30063	1	1
}

Group	????
{
	Mob	2062
	Type	drop
	1	30005	1	1
	2	30011	1	1
	3	30021	1	1
	4	72301	1	1
	5	71085	1	1
	6	71084	1	1
	7	30039	1	1
	8	30051	1	1
	9	30008	1	1
	10	30060	1	1
	11	30052	1	1
	12	30063	1	1
	13	30166	1	1
}

Group	????
{
	Mob	2063
	Type	drop
	1	30005	1	1
	2	30011	1	1
	3	30021	1	1
	4	72301	1	1
	5	71085	1	1
	6	71084	1	1
	7	30039	1	1
	8	30051	1	1
	9	30008	1	1
	10	30060	1	1
	11	30052	1	1
	12	30063	1	1
	13	30166	1	1
}

Group	????
{
	Mob	2064
	Type	drop
	1	30005	1	1
	2	30011	1	1
	3	30021	1	1
	4	72301	1	1
	5	71085	1	1
	6	71084	1	1
	7	30039	1	1
	8	30051	1	1
	9	30008	1	1
	10	30060	1	1
	11	30052	1	1
	12	30063	1	1
	13	30166	1	1
}

Group	????
{
	Mob	2065
	Type	drop
	1	30005	1	1
	2	30011	1	1
	3	30021	1	1
	4	72301	1	1
	5	71085	1	1
	6	71084	1	1
	7	30039	1	1
	8	30051	1	1
	9	30008	1	1
	10	30060	1	1
	11	30052	1	1
	12	30063	1	1
}

Group	????
{
	Mob	2071
	Type	drop
	1	30005	1	1
	2	30011	1	1
	3	30021	1	1
	4	72301	1	1
	5	71085	1	1
	6	71084	1	1
	7	30039	1	1
	8	30051	1	1
	9	30008	1	1
	10	30060	1	1
	11	30052	1	1
	12	30063	1	1
}

Group	????
{
	Mob	2072
	Type	drop
	1	30005	1	1
	2	30011	1	1
	3	30021	1	1
	4	72301	1	1
	5	71085	1	1
	6	71084	1	1
	7	30039	1	1
	8	30051	1	1
	9	30008	1	1
	10	30060	1	1
	11	30052	1	1
	12	30063	1	1
}

Group	????
{
	Mob	2073
	Type	drop
	1	30005	1	1
	2	30011	1	1
	3	30021	1	1
	4	72301	1	1
	5	71085	1	1
	6	71084	1	1
	7	30039	1	1
	8	30051	1	1
	9	30008	1	1
	10	30060	1	1
	11	30052	1	1
	12	30063	1	1
}

Group	????
{
	Mob	2074
	Type	drop
	1	30005	1	1
	2	30011	1	1
	3	30021	1	1
	4	72301	1	1
	5	71085	1	1
	6	71084	1	1
	7	30039	1	1
	8	30051	1	1
	9	30008	1	1
	10	30060	1	1
	11	30052	1	1
	12	30063	1	1
}

Group	????
{
	Mob	2071
	Type	drop
	1	30005	1	1
	2	30011	1	1
	3	30021	1	1
	4	72301	1	1
	5	71085	1	1
	6	71084	1	1
	7	30039	1	1
	8	30051	1	1
	9	30008	1	1
	10	30060	1	1
	11	30052	1	1
	12	30063	1	1
}

Group	????
{
	Mob	2075
	Type	drop
	1	30005	1	1
	2	30011	1	1
	3	30021	1	1
	4	72301	1	1
	5	71085	1	1
	6	71084	1	1
	7	30039	1	1
	8	30051	1	1
	9	30008	1	1
	10	30060	1	1
	11	30052	1	1
	12	30063	1	1
}

Group	????
{
	Mob	2076
	Type	drop
	1	30005	1	1
	2	30011	1	1
	3	30021	1	1
	4	72301	1	1
	5	71085	1	1
	6	71084	1	1
	7	30039	1	1
	8	30051	1	1
	9	30008	1	1
	10	30060	1	1
	11	30052	1	1
	12	30063	1	1
}

Group	????
{
	Mob	2092
	Type	drop
	1	30005	1	400
	2	30011	1	400
	3	30021	1	400
	4	50067	1	400
	5	71085	3	400
	6	71084	150	400
	7	30039	1	400
	8	30051	1	400
	9	30008	1	400
	10	30060	1	400
	11	30052	1	400
	12	30063	1	400
	13	85001	1	30
	14	85005	1	30
	15	85011	1	30
	16	85015	1	30
	17	50070	2	400
}

Group	????
{
	Mob	8013
	Type	drop
	1	50300	1	350
	2	50132	1	25
	3	72301	1	25
	4	71085	1	100
	5	71084	6	190
	6	50252	1	30
	7	30005	1	10
	8	30011	1	10
	9	30021	1	10
	10	76026	1	70
	11	76034	1	70
	12	38052	1	1
	13	50513	1	15
	14	30032	1	10
	15	30012	1	10
	16	30009	1	10
	17	30060	1	10
	18	30052	1	10
	19	30063	1	10
	20	27999	1	6
}

Group	????
{
	Mob	1091
	Type	drop
	1	30005	1	400
	2	30011	1	400
	3	30021	1	400
	4	50067	1	400
	5	71085	3	400
	6	71084	20	400
	7	30039	1	400
	8	30051	1	400
	9	30008	1	400
	10	30060	1	400
	11	30052	1	400
	12	30063	1	400
	13	50079	1	400
}

Group	????
{
	Mob	1092
	Type	drop
	1	30005	1	400
	2	30011	1	400
	3	30021	1	400
	4	50067	1	400
	5	71085	3	400
	6	71084	20	400
	7	30039	1	400
	8	30051	1	400
	9	30008	1	400
	10	30060	1	400
	11	30052	1	400
	12	30063	1	400
	13	50079	1	400
}

Group	????
{
	Mob	1094
	Type	drop
	1	30005	1	400
	2	30011	1	400
	3	30021	1	400
	4	50067	1	400
	5	71085	3	400
	6	71084	20	400
	7	30039	1	400
	8	30051	1	400
	9	30008	1	400
	10	30060	1	400
	11	30052	1	400
	12	30063	1	400
	13	50079	1	400
	14	50136	1	30
	15	50135	1	10
}

Group	????
{
	Mob	1093
	Type	drop
	1	30005	1	400
	2	30011	1	400
	3	30021	1	400
	4	50067	1	400
	5	71085	3	400
	6	71084	20	400
	7	30039	1	400
	8	30051	1	400
	9	30008	1	400
	10	30060	1	400
	11	30052	1	400
	12	30063	1	400
	13	50081	1	400
	14	25041	1	10
	15	50513	1	50
	16	50080	1	55
	17	50135	1	200
}

Group	????
{
	Mob	2598
	Type	drop
	1	30005	1	400
	2	30011	1	400
	3	30021	1	400
	4	50067	1	400
	5	71085	3	400
	6	71084	20	400
	7	30039	1	400
	8	30051	1	400
	9	30008	1	400
	10	30060	1	400
	11	30052	1	400
	12	30063	1	400
	13	50082	1	400
	14	25041	1	10
	15	50513	1	50
	16	50080	1	60
	17	50135	1	400
}

Group	????
{
	Mob	1001
	Type	drop
	1	50135	1	0.1
	2	30015	1	1
}

Group	????
{
	Mob	1002
	Type	drop
	1	50135	1	0.1
	2	30015	1	1
}

Group	????
{
	Mob	1003
	Type	drop
	1	50135	1	0.1
	2	30015	1	1
}

Group	????
{
	Mob	1004
	Type	drop
	1	50135	1	0.1
	2	30015	1	1
}

Group	????
{
	Mob	1040
	Type	drop
	1	50135	1	0.1
	2	30015	1	1
}

Group	????
{
	Mob	1041
	Type	drop
	1	50135	1	0.1
}

Group	????
{
	Mob	1061
	Type	drop
	1	50135	1	0.1
}

Group	????
{
	Mob	1064
	Type	drop
	1	50135	1	0.1
	2	30015	1	1
}

Group	????
{
	Mob	1062
	Type	drop
	1	50135	1	0.1
	2	30015	1	1
}

Group	????
{
	Mob	1063
	Type	drop
	1	50135	1	0.1
	2	30015	1	1
}

Group	????
{
	Mob	1065
	Type	drop
	1	50135	1	0.1
	2	30015	1	1
}

Group	????
{
	Mob	1066
	Type	drop
	1	50135	1	0.1
	2	30015	1	1
}

Group	????
{
	Mob	1067
	Type	drop
	1	50135	1	0.1
	2	30015	1	1
}

Group	????
{
	Mob	1068
	Type	drop
	1	50135	1	0.1
}

Group	????
{
	Mob	1069
	Type	drop
	1	50135	1	0.1
	2	30015	1	1
}

Group	????
{
	Mob	1070
	Type	drop
	1	50135	1	0.1
}

Group	????
{
	Mob	1071
	Type	drop
	1	50135	1	0.1
	2	30015	1	1
}

Group	????
{
	Mob	8014
	Type	drop
	1	50300	1	350
	2	50132	1	25
	3	72301	1	25
	4	71085	1	100
	5	71084	6	190
	6	50252	1	30
	7	76026	1	70
	8	76034	1	70
	9	38052	1	1
	10	50513	1	15
	11	27999	1	6
	12	50136	1	10
	13	50135	1	40
}

Group	????
{
	Mob	2202
	Type	drop
	1	50136	1	2
}

Group	????
{
	Mob	2203
	Type	drop
	1	50136	1	2
}

Group	????
{
	Mob	2204
	Type	drop
	1	50136	1	2
}

Group	????
{
	Mob	2205
	Type	drop
	1	50136	1	2
}

Group	????
{
	Mob	2206
	Type	drop
	1	50074	1	300
	2	25040	1	300
	3	39028	5	300
	4	50513	1	5
	5	72314	1	8
	6	50252	5	20
}

Group	????
{
	Mob	1071
	Type	drop
	1	50136	1	2
}

Group	????
{
	Mob	8024
	Type	drop
	1	50300	1	350
	2	50132	1	25
	3	72301	1	25
	4	71085	1	100
	5	71084	6	190
	6	50252	1	30
	7	76026	1	70
	8	76034	1	70
	9	38052	1	1
	10	50513	1	15
	11	27999	1	6
	12	50136	1	35
	13	50135	1	40
}

Group	????
{
	Mob	2301
	Type	drop
	1	50136	1	2
	2	30165	1	1
}

Group	????
{
	Mob	2302
	Type	drop
	1	50136	1	2
	2	30165	1	1
}

Group	????
{
	Mob	2303
	Type	drop
	1	50136	1	2
	2	30165	1	1
}

Group	????
{
	Mob	2304
	Type	drop
	1	50136	1	2
	2	30165	1	1
}

Group	????
{
	Mob	2305
	Type	drop
	1	50136	1	2
	2	30165	1	1
}

Group	????
{
	Mob	2306
	Type	drop
	1	50136	1	2
	2	30165	1	1
}

Group	????
{
	Mob	5111
	Type	drop
	1	50136	1	2
	2	50050	1	5
}

Group	????
{
	Mob	5112
	Type	drop
	1	50136	1	2
	2	50050	1	5
}

Group	????
{
	Mob	5113
	Type	drop
	1	50136	1	2
	2	50050	1	5
}

Group	????
{
	Mob	5114
	Type	drop
	1	50136	1	2
	2	50050	1	5
}

Group	????
{
	Mob	5115
	Type	drop
	1	50136	1	2
	2	50050	1	5
}

Group	????
{
	Mob	5116
	Type	drop
	1	50136	1	2
	2	50050	1	5
}

Group	????
{
	Mob	5162
	Type	drop
	1	50074	1	300
	2	25040	1	300
	3	39028	30	300
	4	50513	1	5
	5	72314	1	8
	6	50252	10	300
	7	50067	1	400
}

Group	????
{
	Mob	8026
	Type	drop
	1	50300	1	350
	2	50132	1	25
	3	72301	1	25
	4	71085	1	100
	5	71084	7	190
	6	50252	1	30
	7	76026	1	70
	8	76034	1	70
	9	38052	1	1
	10	50513	1	15
	11	27999	1	6
	12	50136	1	10
	13	50135	1	40
}

Group	????
{
	Mob	8027
	Type	drop
	1	50300	1	350
	2	50132	1	25
	3	72301	1	25
	4	71085	1	100
	5	71084	7	190
	6	50252	1	30
	7	76026	1	70
	8	76034	1	70
	9	38052	1	1
	10	50513	1	15
	11	27999	1	6
	12	50136	1	35
	13	50135	1	40
}

Group	????
{
	Mob	8025
	Type	drop
	1	50300	1	350
	2	50132	1	25
	3	72301	1	25
	4	71085	1	100
	5	71084	8	190
	6	50252	1	30
	7	76026	1	70
	8	76034	1	70
	9	38052	1	1
	10	50513	1	15
	11	27999	1	6
	12	50136	1	35
	13	50135	1	40
}

Group	????
{
	Mob	2311
	Type	drop
	1	50136	1	2
	2	30167	1	1
}

Group	????
{
	Mob	2312
	Type	drop
	1	50136	1	2
	2	30167	1	1
}

Group	????
{
	Mob	2313
	Type	drop
	1	50136	1	2
	2	30167	1	1
}

Group	????
{
	Mob	2314
	Type	drop
	1	50136	1	2
	2	30167	1	1
}

Group	????
{
	Mob	2315
	Type	drop
	1	50136	1	2
	2	30167	1	1
}

Group	????
{
	Mob	1131
	Type	drop
	1	30195	1	1
	2	30194	1	1
	3	30193	1	1
	4	30192	1	1
	5	30196	1	1
	6	30197	1	1
	7	30198	1	1
	8	30199	1	1
	9	30204	1	1
	10	51001	1	1
	11	50135	1	0.5
	12	30251	1	1
	13	30252	1	1
}

Group	????
{
	Mob	1132
	Type	drop
	1	30195	1	1
	2	30194	1	1
	3	30193	1	1
	4	30192	1	1
	5	30196	1	1
	6	30197	1	1
	7	30198	1	1
	8	30199	1	1
	9	30204	1	1
	10	51001	1	1
	11	50135	1	0.5
	12	30251	1	1
	13	30252	1	1
}

Group	????
{
	Mob	1134
	Type	drop
	1	30195	1	1
	2	30194	1	1
	3	30193	1	1
	4	30192	1	1
	5	30196	1	1
	6	30197	1	1
	7	30198	1	1
	8	30199	1	1
	9	30204	1	1
	10	51001	1	1
	11	50135	1	0.5
	12	30251	1	1
	13	30252	1	1
}

Group	????
{
	Mob	1133
	Type	drop
	1	30195	1	1
	2	30194	1	1
	3	30193	1	1
	4	30192	1	1
	5	30196	1	1
	6	30197	1	1
	7	30198	1	1
	8	30199	1	1
	9	30204	1	1
	10	51001	1	1
	11	50135	1	0.5
	12	30251	1	1
	13	30252	1	1
}

Group	????
{
	Mob	1135
	Type	drop
	1	30195	1	1
	2	30194	1	1
	3	30193	1	1
	4	30192	1	1
	5	30196	1	1
	6	30197	1	1
	7	30198	1	1
	8	30199	1	1
	9	30204	1	1
	10	51001	1	1
	11	50135	1	0.5
	12	30251	1	1
	13	30252	1	1
}

Group	????
{
	Mob	1136
	Type	drop
	1	30195	1	1
	2	30194	1	1
	3	30193	1	1
	4	30192	1	1
	5	30196	1	1
	6	30197	1	1
	7	30198	1	1
	8	30199	1	1
	9	30204	1	1
	10	51001	1	1
	11	50135	1	0.5
	12	30251	1	1
	13	30252	1	1
}

Group	????
{
	Mob	2415
	Type	drop
	1	30195	1	1
	2	30194	1	1
	3	30193	1	1
	4	30192	1	1
	5	30196	1	1
	6	30197	1	1
	7	30198	1	1
	8	30199	1	1
	9	30204	1	1
	10	51001	1	1
	11	50135	1	0.5
	12	30251	1	1
	13	30252	1	1
}

Group	????
{
	Mob	1137
	Type	drop
	1	30195	1	1
	2	30194	1	1
	3	30193	1	1
	4	30192	1	1
	5	30196	1	1
	6	30197	1	1
	7	30198	1	1
	8	30199	1	1
	9	30204	1	1
	10	51001	1	1
	11	50135	1	0.5
	12	30251	1	1
	13	30252	1	1
}

Group	????
{
	Mob	2414
	Type	drop
	1	30195	1	1
	2	30194	1	1
	3	30193	1	1
	4	30192	1	1
	5	30196	1	1
	6	30197	1	1
	7	30198	1	1
	8	30199	1	1
	9	30204	1	1
	10	51001	1	1
	11	50135	1	0.5
	12	30251	1	1
	13	30252	1	1
}

Group	????
{
	Mob	2401
	Type	drop
	1	30195	1	1
	2	30194	1	1
	3	30193	1	1
	4	30192	1	1
	5	30196	1	1
	6	30197	1	1
	7	30198	1	1
	8	30199	1	1
	9	30204	1	1
	10	51001	1	1
	11	50135	1	0.5
	12	30251	1	1
	13	30252	1	1
}

Group	????
{
	Mob	2402
	Type	drop
	1	30195	1	1
	2	30194	1	1
	3	30193	1	1
	4	30192	1	1
	5	30196	1	1
	6	30197	1	1
	7	30198	1	1
	8	30199	1	1
	9	30204	1	1
	10	51001	1	1
	11	50135	1	0.5
	12	30251	1	1
	13	30252	1	1
}

Group	????
{
	Mob	2403
	Type	drop
	1	30195	1	1
	2	30194	1	1
	3	30193	1	1
	4	30192	1	1
	5	30196	1	1
	6	30197	1	1
	7	30198	1	1
	8	30199	1	1
	9	30204	1	1
	10	51001	1	1
	11	50135	1	0.5
	12	30251	1	1
	13	30252	1	1
}

Group	????
{
	Mob	2404
	Type	drop
	1	30195	1	1
	2	30194	1	1
	3	30193	1	1
	4	30192	1	1
	5	30196	1	1
	6	30197	1	1
	7	30198	1	1
	8	30199	1	1
	9	30204	1	1
	10	51001	1	1
	11	50135	1	0.5
	12	30251	1	1
	13	30252	1	1
}

Group	????
{
	Mob	2411
	Type	drop
	1	30195	1	1
	2	30194	1	1
	3	30193	1	1
	4	30192	1	1
	5	30196	1	1
	6	30197	1	1
	7	30198	1	1
	8	30199	1	1
	9	30204	1	1
	10	51001	1	1
	11	50135	1	0.5
	12	30251	1	1
	13	30252	1	1
}

Group	????
{
	Mob	2412
	Type	drop
	1	30195	1	1
	2	30194	1	1
	3	30193	1	1
	4	30192	1	1
	5	30196	1	1
	6	30197	1	1
	7	30198	1	1
	8	30199	1	1
	9	30204	1	1
	10	51001	1	1
	11	50135	1	0.5
	12	30251	1	1
	13	30252	1	1
}

Group	????
{
	Mob	2413
	Type	drop
	1	30195	1	1
	2	30194	1	1
	3	30193	1	1
	4	30192	1	1
	5	30196	1	1
	6	30197	1	1
	7	30198	1	1
	8	30199	1	1
	9	30204	1	1
	10	51001	1	1
	11	50135	1	0.5
	12	30251	1	1
	13	30252	1	1
}

Group	????
{
	Mob	5163
	Type	drop
	1	50074	1	300
	2	25040	1	300
	3	39028	50	300
	4	50513	1	5
	5	72314	1	8
	6	50252	10	300
	7	50070	1	400
}

Group	????
{
	Mob	5123
	Type	drop
	1	50136	1	2
	2	50050	1	5
}

Group	????
{
	Mob	5124
	Type	drop
	1	50136	1	2
	2	50050	1	5
}

Group	????
{
	Mob	5125
	Type	drop
	1	50136	1	2
	2	50050	1	5
}

Group	????
{
	Mob	5126
	Type	drop
	1	50136	1	2
	2	50050	1	5
}

Group	????
{
	Mob	5127
	Type	drop
	1	50136	1	2
	2	50050	1	5
}

Group	????
{
	Mob	5151
	Type	drop
	1	50136	1	2
	2	50050	1	5
}

Group	????
{
	Mob	5152
	Type	drop
	1	50136	1	2
	2	50050	1	5
}

Group	????
{
	Mob	5153
	Type	drop
	1	50136	1	2
	2	50050	1	5
}

Group	????
{
	Mob	5154
	Type	drop
	1	50136	1	2
	2	50050	1	5
}

Group	????
{
	Mob	5155
	Type	drop
	1	50136	1	2
	2	50050	1	5
}

Group	????
{
	Mob	5156
	Type	drop
	1	50136	1	2
	2	50050	1	5
}

Group	????
{
	Mob	5157
	Type	drop
	1	50136	1	2
	2	50050	1	5
}

Group	????
{
	Mob	6091
	Type	drop
	1	30524	1	450
	2	25041	1	450
	3	25042	1	100
	4	39007	1	450
	5	30621	50	300
	6	30620	50	300
	7	30614	50	300
	8	55002	1	10
}

Group	????
{
	Mob	2493
	Type	drop
	1	71123	3	450
	2	71129	3	450
	3	54700	1	450
	4	25041	1	100
	5	25042	1	150
	6	39007	1	300
	7	30518	30	450
	8	30519	30	450
	9	30521	30	450
	10	30522	30	450
	11	30523	30	450
}

Group	????
{
	Mob	6191
	Type	drop
	1	30525	1	450
	2	25041	1	200
	3	25042	1	100
	4	39007	1	450
	5	15450	1	20
	6	17560	1	20
	7	16560	1	20
	8	14560	1	20
	9	18040	1	20
	10	18050	1	20
	11	18060	1	20
	12	18070	1	20
	13	55001	1	10
}

Group	????
{
	Mob	8056
	Type	drop
	1	50300	1	350
	2	50132	1	25
	3	72301	1	25
	4	71085	1	100
	5	71084	10	190
	6	50252	1	30
	7	76026	1	70
	8	76034	1	70
	9	38052	1	1
	10	50513	1	20
	11	27999	1	6
	12	50136	1	35
	13	50135	1	3
}

Group	????
{
	Mob	8053
	Type	drop
	1	50300	1	350
	2	50132	1	25
	3	72301	1	25
	4	71085	1	100
	5	71084	10	190
	6	50252	1	30
	7	76026	1	70
	8	76034	1	70
	9	38052	1	1
	10	50513	1	20
	11	27999	1	6
	12	50136	1	30
	13	50135	1	3
}

Group	????
{
	Mob	8054
	Type	drop
	1	50300	1	350
	2	50132	1	25
	3	72301	1	25
	4	71085	1	100
	5	71084	10	190
	6	50252	1	30
	7	76026	1	70
	8	76034	1	70
	9	38052	1	1
	10	50513	1	20
	11	27999	1	6
	12	50136	1	25
	13	50135	1	3
}

Group	????
{
	Mob	8055
	Type	drop
	1	50300	1	350
	2	50132	1	25
	3	72301	1	25
	4	71085	1	100
	5	71084	10	190
	6	50252	1	30
	7	76026	1	70
	8	76034	1	70
	9	38052	1	1
	10	50513	1	20
	11	27999	1	6
	12	50136	1	10
	13	50135	1	3
}

Group	????
{
	Mob	8052
	Type	drop
	1	50300	1	350
	2	50132	1	25
	3	72301	1	25
	4	71085	1	100
	5	71084	10	190
	6	50252	1	30
	7	76026	1	70
	8	76034	1	70
	9	38052	1	1
	10	50513	1	20
	11	27999	1	6
	12	50136	1	15
	13	50135	1	3
}

Group	????
{
	Mob	8051
	Type	drop
	1	50300	1	350
	2	50132	1	25
	3	72301	1	25
	4	71085	1	100
	5	71084	10	190
	6	50252	1	30
	7	76026	1	70
	8	76034	1	70
	9	38052	1	1
	10	50513	1	20
	11	27999	1	6
	12	50136	1	17
	13	50135	1	3
}

Group	????
{
	Mob	8059
	Type	drop
	1	50300	1	350
	2	50132	1	25
	3	72301	1	25
	4	71085	1	100
	5	71084	15	190
	6	50252	1	30
	7	76026	1	70
	8	76034	1	70
	9	38052	1	1
	10	27999	1	6
	11	50136	1	18
	12	50135	1	10
}

Group	????
{
	Mob	8061
	Type	drop
	1	50300	1	350
	2	50132	1	25
	3	72301	1	25
	4	71085	1	100
	5	71084	15	190
	6	50252	1	30
	7	76026	1	70
	8	76034	1	70
	9	38052	1	1
	10	50513	1	20
	11	27999	1	6
	12	50136	1	14
	13	50135	1	25
}

Group	????
{
	Mob	6403
	Type	drop
	1	30621	1	1
	2	30620	1	1
	3	30614	1	1
	4	30518	1	1
	5	30519	1	1
	6	30521	1	1
	7	30522	1	1
	8	30523	1	1
	9	51001	1	1
}

Group	????
{
	Mob	6402
	Type	drop
	1	30621	1	1
	2	30620	1	1
	3	30614	1	1
	4	30518	1	1
	5	30519	1	1
	6	30521	1	1
	7	30522	1	1
	8	30523	1	1
	9	51001	1	1
}

Group	????
{
	Mob	6401
	Type	drop
	1	30621	1	1
	2	30620	1	1
	3	30614	1	1
	4	30518	1	1
	5	30519	1	1
	6	30521	1	1
	7	30522	1	1
	8	30523	1	1
	9	51001	1	1
}

Group	????
{
	Mob	3305
	Type	drop
	1	30621	1	1
	2	30620	1	1
	3	30614	1	1
	4	30518	1	1
	5	30519	1	1
	6	30521	1	1
	7	30522	1	1
	8	30523	1	1
	9	51001	1	1
}

Group	????
{
	Mob	3304
	Type	drop
	1	30621	1	1
	2	30620	1	1
	3	30614	1	1
	4	30518	1	1
	5	30519	1	1
	6	30521	1	1
	7	30522	1	1
	8	30523	1	1
	9	51001	1	1
}

Group	????
{
	Mob	3303
	Type	drop
	1	30621	1	1
	2	30620	1	1
	3	30614	1	1
	4	30518	1	1
	5	30519	1	1
	6	30521	1	1
	7	30522	1	1
	8	30523	1	1
	9	51001	1	1
}

Group	????
{
	Mob	3302
	Type	drop
	1	30621	1	1
	2	30620	1	1
	3	30614	1	1
	4	30518	1	1
	5	30519	1	1
	6	30521	1	1
	7	30522	1	1
	8	30523	1	1
	9	51001	1	1
}

Group	????
{
	Mob	3301
	Type	drop
	1	30621	1	1
	2	30620	1	1
	3	30614	1	1
	4	30518	1	1
	5	30519	1	1
	6	30521	1	1
	7	30522	1	1
	8	30523	1	1
	9	51001	1	1
}

Group	????
{
	Mob	3205
	Type	drop
	1	30621	1	1
	2	30620	1	1
	3	30614	1	1
	4	30518	1	1
	5	30519	1	1
	6	30521	1	1
	7	30522	1	1
	8	30523	1	1
	9	51001	1	1
}

Group	????
{
	Mob	3204
	Type	drop
	1	30621	1	1
	2	30620	1	1
	3	30614	1	1
	4	30518	1	1
	5	30519	1	1
	6	30521	1	1
	7	30522	1	1
	8	30523	1	1
	9	51001	1	1
}

Group	????
{
	Mob	3203
	Type	drop
	1	30621	1	1
	2	30620	1	1
	3	30614	1	1
	4	30518	1	1
	5	30519	1	1
	6	30521	1	1
	7	30522	1	1
	8	30523	1	1
	9	51001	1	1
}

Group	????
{
	Mob	3202
	Type	drop
	1	30621	1	1
	2	30620	1	1
	3	30614	1	1
	4	30518	1	1
	5	30519	1	1
	6	30521	1	1
	7	30522	1	1
	8	30523	1	1
	9	51001	1	1
}

Group	????
{
	Mob	3201
	Type	drop
	1	30621	1	1
	2	30620	1	1
	3	30614	1	1
	4	30518	1	1
	5	30519	1	1
	6	30521	1	1
	7	30522	1	1
	8	30523	1	1
	9	51001	1	1
}

Group	????
{
	Mob	3105
	Type	drop
	1	30621	1	1
	2	30620	1	1
	3	30614	1	1
	4	30518	1	1
	5	30519	1	1
	6	30521	1	1
	7	30522	1	1
	8	30523	1	1
	9	51001	1	1
}

Group	????
{
	Mob	3104
	Type	drop
	1	30621	1	1
	2	30620	1	1
	3	30614	1	1
	4	30518	1	1
	5	30519	1	1
	6	30521	1	1
	7	30522	1	1
	8	30523	1	1
	9	51001	1	1
}

Group	????
{
	Mob	3103
	Type	drop
	1	30621	1	1
	2	30620	1	1
	3	30614	1	1
	4	30518	1	1
	5	30519	1	1
	6	30521	1	1
	7	30522	1	1
	8	30523	1	1
	9	51001	1	1
}

Group	????
{
	Mob	3102
	Type	drop
	1	30621	1	1
	2	30620	1	1
	3	30614	1	1
	4	30518	1	1
	5	30519	1	1
	6	30521	1	1
	7	30522	1	1
	8	30523	1	1
	9	51001	1	1
}

Group	????
{
	Mob	3101
	Type	drop
	1	30621	1	1
	2	30620	1	1
	3	30614	1	1
	4	30518	1	1
	5	30519	1	1
	6	30521	1	1
	7	30522	1	1
	8	30523	1	1
	9	51001	1	1
}

Group	????
{
	Mob	3005
	Type	drop
	1	30621	1	1
	2	30620	1	1
	3	30614	1	1
	4	30518	1	1
	5	30519	1	1
	6	30521	1	1
	7	30522	1	1
	8	30523	1	1
	9	51001	1	1
}

Group	????
{
	Mob	3004
	Type	drop
	1	30621	1	1
	2	30620	1	1
	3	30614	1	1
	4	30518	1	1
	5	30519	1	1
	6	30521	1	1
	7	30522	1	1
	8	30523	1	1
	9	51001	1	1
}

Group	????
{
	Mob	3003
	Type	drop
	1	30621	1	1
	2	30620	1	1
	3	30614	1	1
	4	30518	1	1
	5	30519	1	1
	6	30521	1	1
	7	30522	1	1
	8	30523	1	1
	9	51001	1	1
}

Group	????
{
	Mob	3002
	Type	drop
	1	30621	1	1
	2	30620	1	1
	3	30614	1	1
	4	30518	1	1
	5	30519	1	1
	6	30521	1	1
	7	30522	1	1
	8	30523	1	1
	9	51001	1	1
}

Group	????
{
	Mob	3001
	Type	drop
	1	30621	1	1
	2	30620	1	1
	3	30614	1	1
	4	30518	1	1
	5	30519	1	1
	6	30521	1	1
	7	30522	1	1
	8	30523	1	1
	9	51001	1	1
}


Group	????
{
	Mob	3902
	Type	drop
	1	30621	1	1
	2	30620	1	1
	3	30614	1	1
	4	30518	1	1
	5	30519	1	1
	6	30521	1	1
	7	30522	1	1
	8	30523	1	1
	9	51001	1	1
}

Group	????
{
	Mob	3901
	Type	drop
	1	30621	1	1
	2	30620	1	1
	3	30614	1	1
	4	30518	1	1
	5	30519	1	1
	6	30521	1	1
	7	30522	1	1
	8	30523	1	1
	9	51001	1	1
}

Group	????
{
	Mob	3805
	Type	drop
	1	30621	1	1
	2	30620	1	1
	3	30614	1	1
	4	30518	1	1
	5	30519	1	1
	6	30521	1	1
	7	30522	1	1
	8	30523	1	1
	9	51001	1	1
}

Group	????
{
	Mob	3804
	Type	drop
	1	30621	1	1
	2	30620	1	1
	3	30614	1	1
	4	30518	1	1
	5	30519	1	1
	6	30521	1	1
	7	30522	1	1
	8	30523	1	1
	9	51001	1	1
}

Group	????
{
	Mob	3803
	Type	drop
	1	30621	1	1
	2	30620	1	1
	3	30614	1	1
	4	30518	1	1
	5	30519	1	1
	6	30521	1	1
	7	30522	1	1
	8	30523	1	1
	9	51001	1	1
}


Group	????
{
	Mob	3801
	Type	drop
	1	30621	1	1
	2	30620	1	1
	3	30614	1	1
	4	30518	1	1
	5	30519	1	1
	6	30521	1	1
	7	30522	1	1
	8	30523	1	1
	9	51001	1	1
}


Group	????
{
	Mob	3802
	Type	drop
	1	30621	1	1
	2	30620	1	1
	3	30614	1	1
	4	30518	1	1
	5	30519	1	1
	6	30521	1	1
	7	30522	1	1
	8	30523	1	1
	9	51001	1	1
}

Group	????
{
	Mob	3705
	Type	drop
	1	30621	1	1
	2	30620	1	1
	3	30614	1	1
	4	30518	1	1
	5	30519	1	1
	6	30521	1	1
	7	30522	1	1
	8	30523	1	1
	9	51001	1	1
}

Group	????
{
	Mob	3704
	Type	drop
	1	30621	1	1
	2	30620	1	1
	3	30614	1	1
	4	30518	1	1
	5	30519	1	1
	6	30521	1	1
	7	30522	1	1
	8	30523	1	1
	9	51001	1	1
}

Group	????
{
	Mob	3703
	Type	drop
	1	30621	1	1
	2	30620	1	1
	3	30614	1	1
	4	30518	1	1
	5	30519	1	1
	6	30521	1	1
	7	30522	1	1
	8	30523	1	1
	9	51001	1	1
}

Group	????
{
	Mob	3702
	Type	drop
	1	30621	1	1
	2	30620	1	1
	3	30614	1	1
	4	30518	1	1
	5	30519	1	1
	6	30521	1	1
	7	30522	1	1
	8	30523	1	1
	9	51001	1	1
}

Group	????
{
	Mob	3701
	Type	drop
	1	30621	1	1
	2	30620	1	1
	3	30614	1	1
	4	30518	1	1
	5	30519	1	1
	6	30521	1	1
	7	30522	1	1
	8	30523	1	1
	9	51001	1	1
}

Group	????
{
	Mob	3605
	Type	drop
	1	30621	1	1
	2	30620	1	1
	3	30614	1	1
	4	30518	1	1
	5	30519	1	1
	6	30521	1	1
	7	30522	1	1
	8	30523	1	1
	9	51001	1	1
}

Group	????
{
	Mob	3604
	Type	drop
	1	30621	1	1
	2	30620	1	1
	3	30614	1	1
	4	30518	1	1
	5	30519	1	1
	6	30521	1	1
	7	30522	1	1
	8	30523	1	1
	9	51001	1	1
}

Group	????
{
	Mob	3603
	Type	drop
	1	30621	1	1
	2	30620	1	1
	3	30614	1	1
	4	30518	1	1
	5	30519	1	1
	6	30521	1	1
	7	30522	1	1
	8	30523	1	1
	9	51001	1	1
}

Group	????
{
	Mob	3602
	Type	drop
	1	30621	1	1
	2	30620	1	1
	3	30614	1	1
	4	30518	1	1
	5	30519	1	1
	6	30521	1	1
	7	30522	1	1
	8	30523	1	1
	9	51001	1	1
}

Group	????
{
	Mob	3601
	Type	drop
	1	30621	1	1
	2	30620	1	1
	3	30614	1	1
	4	30518	1	1
	5	30519	1	1
	6	30521	1	1
	7	30522	1	1
	8	30523	1	1
	9	51001	1	1
}

Group	????
{
	Mob	3555
	Type	drop
	1	30621	1	1
	2	30620	1	1
	3	30614	1	1
	4	30518	1	1
	5	30519	1	1
	6	30521	1	1
	7	30522	1	1
	8	30523	1	1
	9	51001	1	1
}

Group	????
{
	Mob	3554
	Type	drop
	1	30621	1	1
	2	30620	1	1
	3	30614	1	1
	4	30518	1	1
	5	30519	1	1
	6	30521	1	1
	7	30522	1	1
	8	30523	1	1
	9	51001	1	1
}

Group	????
{
	Mob	3553
	Type	drop
	1	30621	1	1
	2	30620	1	1
	3	30614	1	1
	4	30518	1	1
	5	30519	1	1
	6	30521	1	1
	7	30522	1	1
	8	30523	1	1
	9	51001	1	1
}

Group	????
{
	Mob	3552
	Type	drop
	1	30621	1	1
	2	30620	1	1
	3	30614	1	1
	4	30518	1	1
	5	30519	1	1
	6	30521	1	1
	7	30522	1	1
	8	30523	1	1
	9	51001	1	1
}

Group	????
{
	Mob	3551
	Type	drop
	1	30621	1	1
	2	30620	1	1
	3	30614	1	1
	4	30518	1	1
	5	30519	1	1
	6	30521	1	1
	7	30522	1	1
	8	30523	1	1
	9	51001	1	1
}

Group	????
{
	Mob	3505
	Type	drop
	1	30621	1	1
	2	30620	1	1
	3	30614	1	1
	4	30518	1	1
	5	30519	1	1
	6	30521	1	1
	7	30522	1	1
	8	30523	1	1
	9	51001	1	1
}

Group	????
{
	Mob	3504
	Type	drop
	1	30621	1	1
	2	30620	1	1
	3	30614	1	1
	4	30518	1	1
	5	30519	1	1
	6	30521	1	1
	7	30522	1	1
	8	30523	1	1
	9	51001	1	1
}

Group	????
{
	Mob	3501
	Type	drop
	1	30621	1	1
	2	30620	1	1
	3	30614	1	1
	4	30518	1	1
	5	30519	1	1
	6	30521	1	1
	7	30522	1	1
	8	30523	1	1
	9	51001	1	1
}

Group	????
{
	Mob	3502
	Type	drop
	1	30621	1	1
	2	30620	1	1
	3	30614	1	1
	4	30518	1	1
	5	30519	1	1
	6	30521	1	1
	7	30522	1	1
	8	30523	1	1
	9	51001	1	1
}

Group	????
{
	Mob	3503
	Type	drop
	1	30621	1	1
	2	30620	1	1
	3	30614	1	1
	4	30518	1	1
	5	30519	1	1
	6	30521	1	1
	7	30522	1	1
	8	30523	1	1
	9	51001	1	1
}

Group	????
{
	Mob	3291
	Type	drop
	1	50254	1	450
	2	50252	10	300
	3	50513	1	50
	4	30518	1	1
	5	72314	1	10
	6	30168	1	150
}

Group	????
{
	Mob	3290
	Type	drop
	1	50254	1	450
	2	50252	10	300
	3	50513	1	50
	4	30518	1	1
	5	72314	1	10
	6	30168	1	150
}

Group	????
{
	Mob	3091
	Type	drop
	1	50254	1	450
	2	50252	10	300
	3	50513	1	50
	4	30518	1	1
	5	72314	1	10
	6	30168	1	150
}

Group	????
{
	Mob	3090
	Type	drop
	1	50254	1	450
	2	50252	10	300
	3	50513	1	50
	4	30518	1	1
	5	72314	1	10
	6	30168	1	150
}

Group	????
{
	Mob	3391
	Type	drop
	1	50254	1	450
	2	50252	10	300
	3	50513	1	50
	4	30518	1	1
	5	72314	1	10
	6	30168	1	150
}

Group	????
{
	Mob	3390
	Type	drop
	1	50254	1	450
	2	50252	10	300
	3	50513	1	50
	4	30518	1	1
	5	72314	1	10
	6	30168	1	150
}

Group	????
{
	Mob	3891
	Type	drop
	1	50254	1	450
	2	50252	10	300
	3	50513	1	50
	4	30518	1	1
	5	72314	1	10
	6	30168	1	150
}

Group	????
{
	Mob	3890
	Type	drop
	1	50254	1	450
	2	50252	10	300
	3	50513	1	50
	4	30518	1	1
	5	72314	1	10
	6	30168	1	150
}

Group	????
{
	Mob	3591
	Type	drop
	1	50254	1	450
	2	50252	10	300
	3	50513	1	50
	4	30518	1	1
	5	72314	1	10
	6	30168	1	150
}

Group	????
{
	Mob	3590
	Type	drop
	1	50254	1	450
	2	50252	10	300
	3	50513	1	50
	4	30518	1	1
	5	72314	1	10
	6	30168	1	150
}

Group	????
{
	Mob	3691
	Type	drop
	1	50254	1	450
	2	50252	10	300
	3	50513	1	50
	4	30518	1	1
	5	72314	1	10
	6	30168	1	150
}

Group	????
{
	Mob	3690
	Type	drop
	1	50254	1	450
	2	50252	10	300
	3	50513	1	50
	4	30518	1	1
	5	72314	1	10
	6	30168	1	150
}

Group	????
{
	Mob	3491
	Type	drop
	1	50254	1	450
	2	50252	10	300
	3	50513	1	50
	4	30518	1	1
	5	72314	1	10
	6	30168	1	150
}

Group	????
{
	Mob	3490
	Type	drop
	1	50254	1	450
	2	50252	10	300
	3	50513	1	50
	4	30518	1	1
	5	72314	1	10
	6	30168	1	150
}

Group	????
{
	Mob	3191
	Type	drop
	1	50254	1	450
	2	50252	10	300
	3	50513	1	50
	4	30518	1	1
	5	72314	1	10
	6	30168	1	150
}

Group	????
{
	Mob	3190
	Type	drop
	1	50254	1	450
	2	50252	10	300
	3	50513	1	50
	4	30518	1	1
	5	72314	1	10
	6	30168	1	150
}

Group	????
{
	Mob	3791
	Type	drop
	1	50254	1	450
	2	50252	10	300
	3	50513	1	50
	4	30518	1	1
	5	72314	1	10
	6	30168	1	150
}

Group	????
{
	Mob	3790
	Type	drop
	1	50254	1	450
	2	50252	10	300
	3	50513	1	50
	4	30518	1	1
	5	72314	1	10
	6	30168	1	150
}

Group	????
{
	Mob	3596
	Type	drop
	1	50254	1	450
	2	50252	10	300
	3	50513	1	50
	4	30518	1	1
	5	72314	1	10
	6	30168	1	150
}

Group	????
{
	Mob	3595
	Type	drop
	1	50254	1	450
	2	50252	10	300
	3	50513	1	50
	4	30518	1	1
	5	72314	1	10
	6	30168	1	150
}

Group	????
{
	Mob	6192
	Type	drop
	1	30616	1	80
	2	30615	1	80
	3	30617	1	80
	4	30618	1	80
	5	72314	1	80
	6	30168	1	80
	7	55003	1	10
}

Group	????
{
	Mob	191
	Type	drop
	1	71085	1	300
	2	71084	2	300
	3	25040	1	300
}

Group	????
{
	Mob	192
	Type	drop
	1	71085	1	300
	2	71084	2	300
	3	25040	1	300
}

Group	????
{
	Mob	193
	Type	drop
	1	71085	1	300
	2	71084	2	300
	3	25040	1	300
}

Group	????
{
	Mob	194
	Type	drop
	1	71085	1	300
	2	71084	2	300
	3	25040	1	300
}
