Group	truhla_telo_knih
{
	Vnum	39047
	1	50401	1	1
	2	50402	1	1
	3	50403	1	1
	4	50404	1	1
	5	50405	1	1
}

Group	truhla_mental_knih
{
	Vnum	39048
	1	50416	1	1
	2	50417	1	1
	3	50418	1	1
	4	50419	1	1
	5	50420	1	1
}

Group	truhla_blizko_knih
{
	Vnum	39049
	1	50431	1	1
	2	50432	1	1
	3	50433	1	1
	4	50434	1	1
	5	50435	1	1
}

Group	truhla_dalka_knih
{
	Vnum	39050
	1	50446	1	1
	2	50447	1	1
	3	50448	1	1
	4	50449	1	1
	5	50450	1	1
}

Group	truhla_wp_knih
{
	Vnum	39051
	1	50461	1	1
	2	50462	1	1
	3	50463	1	1
	4	50464	1	1
	5	50465	1	1
	6	50466	1	1
}

Group	truhla_bm_knih
{
	Vnum	39052
	1	50476	1	1
	2	50477	1	1
	3	50478	1	1
	4	50479	1	1
	5	50480	1	1
	6	50481	1	1
}

Group	truhla_draci_moc_knih
{
	Vnum	39053
	1	50491	1	1
	2	50492	1	1
	3	50493	1	1
	4	50494	1	1
	5	50495	1	1
	6	50496	1	1
}

Group	truhla_heal_knih
{
	Vnum	39054
	1	50506	1	1
	2	50507	1	1
	3	50508	1	1
	4	50509	1	1
	5	50510	1	1
	6	50511	1	1
}

Group	truhla_posilneni
{
	Vnum	50132
	1	71027	1	1
	2	71029	1	1
	3	71028	1	1
	4	71030	1	1
}

Group	cor_draconis
{
	Vnum	50252
	1	110000	1	1
	2	120000	1	1
	3	130000	1	1
	4	140000	1	1
	5	150000	1	1
	6	160000	1	1
}

Group	truhla_vzestupu
{
	Vnum	38055
	1	290	1	1
	2	3210	1	1
	3	7160	1	1
	4	5110	1	1
	5	1170	1	1
}

Group	truhla_kamenu
{
	Vnum	38052
	1	28430	1	1
	2	28431	1	1
	3	28432	1	1
	4	28433	1	1
	5	28434	1	1
	6	28435	1	1
	7	28436	1	1
	8	28437	1	1
	9	28438	1	1
	10	28439	1	1
	11	28440	1	1
	12	28441	1	1
	13	28442	1	1
	14	28443	1	1
}

Group	truhla_vzestupu
{
	Vnum	27999
	1	50821	1	1
	2	50823	1	1
	3	50822	1	1
	4	50824	1	1
	5	50825	1	1
	6	50826	1	1
}

Group	truhla_boss_low
{
	Vnum	50074
	1	50252	10	1
	2	50513	1	1
	3	25040	5	1
	4	39028	20	1
	5	71085	5	1
	6	72314	1	1
	7	51002	1	1
	8	27999	1	1
	9	71027	3	1
	10	71029	3	1
	11	71028	3	1
	12	71030	3	1
	13	85005	1	1
}

Group	truhla_boss_normal
{
	Vnum	50070
	1	50252	10	1
	2	50513	1	1
	3	25040	5	1
	4	39028	40	1
	5	71085	5	1
	6	72314	1	1
	7	51002	1	1
	8	27999	3	1
	9	71027	3	1
	10	71029	3	1
	11	71028	3	1
	12	71030	3	1
	13	85005	1	1
	14	25041	1	1
	15	85001	1	1
	16	85005	1	1
	17	85011	1	1
}

Group	truhla_perel
{
	Vnum	50135
	1	27992	1	1
	2	27993	1	1
	3	27994	1	1
}

Group	truhla_povzneseni
{
	Vnum	50136
	1	30500	1	1
	2	30501	1	1
	3	30502	1	1
	4	30503	1	1
	5	30504	1	1
	6	30505	1	1
}

Group	truhla_boss_normal
{
	Vnum	50079
	1	50252	10	1
	2	50513	1	1
	3	25040	5	1
	4	39028	40	1
	5	71085	5	1
	6	72314	1	1
	7	51002	1	1
	8	27999	3	1
	9	71027	3	1
	10	71029	3	1
	11	71028	3	1
	12	71030	3	1
	13	30501	5	1
	14	30500	5	1
	15	30502	5	1
	16	30503	5	1
	17	30504	5	1
	18	30505	5	1
}

Group	truhla_veze
{
	Vnum	50136
	1	13060	1	1
	2	13080	1	1
	3	13100	1	1
	4	13120	1	1
	5	13160	1	1
	6	30505	1	1
	7	12260	1	1
	8	12530	1	1
	9	12670	1	1
	10	12390	1	1
}

Group	truhla_zubatky
{
	Vnum	50081
	1	180	1	1
	2	190	1	1
	3	1130	1	1
	4	2170	1	1
	5	3160	1	1
	6	5120	1	1
	7	11290	1	1
	8	11490	1	1
	9	11690	1	1
	10	11890	1	1
}

Group	truhla_azraela
{
	Vnum	50082
	1	15410	1	1
	2	14220	1	1
	3	17220	1	1
	4	16220	1	1
	5	25041	1	1
	6	72314	5	1
	7	51002	1	1
	8	27999	3	1
	9	140	1	1
	10	3150	1	1
	11	1110	1	1
	12	2140	1	1
	13	5100	1	1
	14	7140	1	1
	15	150	1	1
}

Group	bio_1
{
	Vnum	50109
	1	50252	10	1
	2	50513	3	1
	3	39028	50	1
	4	25042	1	1
	5	25041	1	1
	6	72314	1	1
	7	51002	1	1
	8	50067	1	1
	9	50132	5	1
}

Group	bio_2
{
	Vnum	50110
	1	50252	10	1
	2	50513	3	1
	3	39028	50	1
	4	25042	1	1
	5	25041	1	1
	6	72314	1	1
	7	51002	1	1
	8	50067	1	1
	9	50132	5	1
}

Group	bio_3
{
	Vnum	50111
	1	50252	10	1
	2	50513	3	1
	3	39028	50	1
	4	25042	1	1
	5	25041	1	1
	6	72314	1	1
	7	51002	1	1
	8	50067	1	1
	9	50132	5	1
}

Group	bio_4
{
	Vnum	50112
	1	50252	10	1
	2	50513	3	1
	3	39028	50	1
	4	25042	1	1
	5	25041	1	1
	6	72314	1	1
	7	51002	1	1
	8	50067	1	1
	9	50132	5	1
}

Group	bio_5
{
	Vnum	50113
	1	50252	10	1
	2	50513	3	1
	3	39028	50	1
	4	25042	1	1
	5	25041	1	1
	6	72314	1	1
	7	51002	1	1
	8	50067	1	1
	9	50132	5	1
}

Group	bio_6
{
	Vnum	50114
	1	50252	10	1
	2	50513	3	1
	3	39028	50	1
	4	25042	1	1
	5	25041	1	1
	6	72314	1	1
	7	51002	1	1
	8	50067	1	1
	9	50132	5	1
}

Group	bio_7
{
	Vnum	50115
	1	50252	10	1
	2	50513	3	1
	3	39028	50	1
	4	25042	1	1
	5	25041	1	1
	6	72314	1	1
	7	51002	1	1
	8	50067	1	1
	9	50132	5	1
}

Group	bio_8
{
	Vnum	71107
	1	50252	10	1
	2	50513	3	1
	3	39028	50	1
	4	25042	1	1
	5	25041	1	1
	6	72314	1	1
	7	51002	1	1
	8	50067	1	1
	9	50132	5	1
}

Group	bio_9
{
	Vnum	71105
	1	50252	10	1
	2	50513	3	1
	3	39028	50	1
	4	25042	1	1
	5	25041	1	1
	6	72314	1	1
	7	51002	1	1
	8	50067	1	1
	9	50132	5	1
}

Group	cassalibripet
{
	Vnum	55009
	1	55010	1	1
	2	55011	1	1
	3	55012	1	1
	4	55013	1	1
	5	55014	1	1
	6	55015	1	1
	7	55016	1	1
	8	55017	1	1
	9	55018	1	1
	10	55019	1	1
	11	55020	1	1
	12	55021	1	1
	13	55022	1	1
	14	55023	1	1
	15	55024	1	1
	16	55025	1	1
	17	55026	1	1
	18	55027	1	1
}

