ms	743 1382	0	0	0	0	200s	100	1	8002
ms	761 1372	0	0	0	0	200s	100	1	8002
ms	782 1373	0	0	0	0	200s	100	1	8002
ms	813 1379	0	0	0	0	200s	100	1	8002
ms	808 1392	0	0	0	0	200s	100	1	8002
ms	793 1396	0	0	0	0	200s	100	1	8002
ms	824 1373	0	0	0	0	200s	100	1	8002
ms	830 1389	0	0	0	0	200s	100	1	8002
ms	833 1402	0	0	0	0	200s	100	1	8002
ms	858 1377	0	0	0	0	200s	100	1	8002
ms	862 1401	0	0	0	0	200s	100	1	8002
ms	844 1387	0	0	0	0	200s	100	1	8002
ms	892 1376	0	0	0	0	200s	100	1	8002
ms	886 1398	0	0	0	0	200s	100	1	8002
ms	874 1381	0	0	0	0	200s	100	1	8002
ms	900 1387	0	0	0	0	200s	100	1	8002
ms	919 1371	0	0	0	0	200s	100	1	8002
ms	918 1395	0	0	0	0	200s	100	1	8002
ms	960 1405	0	0	0	0	200s	100	1	8002
ms	980 1413	0	0	0	0	200s	100	1	8002
ms	971 1392	0	0	0	0	200s	100	1	8002
ms	992 1395	0	0	0	0	200s	100	1	8002
ms	996 1404	0	0	0	0	200s	100	1	8002
ms	1001 1386	0	0	0	0	200s	100	1	8002
ms	1013 1376	0	0	0	0	200s	100	1	8002
ms	1022 1390	0	0	0	0	200s	100	1	8002
ms	1052 1383	0	0	0	0	200s	100	1	8002
ms	1052 1373	0	0	0	0	200s	100	1	8002
ms	1034 1368	0	0	0	0	200s	100	1	8002
ms	1031 1381	0	0	0	0	200s	100	1	8002
ms	1026 1360	0	0	0	0	200s	100	1	8002
ms	1006 1353	0	0	0	0	200s	100	1	8002
ms	1002 1372	0	0	0	0	200s	100	1	8002
ms	979 1349	0	0	0	0	200s	100	1	8002
ms	955 1361	0	0	0	0	200s	100	1	8002
ms	925 1367	0	0	0	0	200s	100	1	8002
ms	871 1364	0	0	0	0	200s	100	1	8002
ms	848 1369	0	0	0	0	200s	100	1	8002
ms	658 1324	0	0	0	0	200s	100	1	8001
ms	671 1308	0	0	0	0	200s	100	1	8001
ms	670 1328	0	0	0	0	200s	100	1	8001
ms	697 1325	0	0	0	0	200s	100	1	8001
ms	702 1345	0	0	0	0	200s	100	1	8001
ms	707 1366	0	0	0	0	200s	100	1	8001
ms	665 1334	0	0	0	0	200s	100	1	8001
ms	680 1305	0	0	0	0	200s	100	1	8001
ms	713 1321	0	0	0	0	200s	100	1	8001
ms	635 1335	0	0	0	0	200s	100	1	8001
ms	702 1328	0	0	0	0	200s	100	1	8001
ms	689 1304	0	0	0	0	200s	100	1	8001
ms	735 1332	0	0	0	0	200s	100	1	8001
ms	747 1323	0	0	0	0	200s	100	1	8001
ms	727 1305	0	0	0	0	200s	100	1	8001
ms	729 1287	0	0	0	0	200s	100	1	8001
ms	738 1277	0	0	0	0	200s	100	1	8001
ms	746 1266	0	0	0	0	200s	100	1	8001
ms	753 1249	0	0	0	0	200s	100	1	8001
ms	757 1264	0	0	0	0	200s	100	1	8001
ms	769 1278	0	0	0	0	200s	100	1	8001
ms	773 1299	0	0	0	0	200s	100	1	8001
ms	773 1318	0	0	0	0	200s	100	1	8001
ms	766 1326	0	0	0	0	200s	100	1	8001
ms	762 1340	0	0	0	0	200s	100	1	8001
ms	747 1342	0	0	0	0	200s	100	1	8001
ms	712 1336	0	0	0	0	200s	100	1	8001
ms	773 1339	0	0	0	0	200s	100	1	8001
ms	789 1327	0	0	0	0	200s	100	1	8001
ms	801 1315	0	0	0	0	200s	100	1	8001
ms	806 1337	0	0	0	0	200s	100	1	8001
ms	795 1346	0	0	0	0	200s	100	1	8001
ms	819 1341	0	0	0	0	200s	100	1	8001
ms	818 1318	0	0	0	0	200s	100	1	8001
ms	828 1282	0	0	0	0	200s	100	1	8001
ms	851 1272	0	0	0	0	200s	100	1	8001
ms	866 1268	0	0	0	0	200s	100	1	8001
ms	910 1263	0	0	0	0	200s	100	1	8001
ms	927 1278	0	0	0	0	200s	100	1	8001
ms	919 1307	0	0	0	0	200s	100	1	8001
ms	917 1291	0	0	0	0	200s	100	1	8001
ms	913 1318	0	0	0	0	200s	100	1	8001
ms	888 1329	0	0	0	0	200s	100	1	8001
ms	895 1312	0	0	0	0	200s	100	1	8001
ms	897 1330	0	0	0	0	200s	100	1	8001
ms	886 1338	0	0	0	0	200s	100	1	8001
ms	855 1341	0	0	0	0	200s	100	1	8001
ms	837 1345	0	0	0	0	200s	100	1	8001
ms	964 1320	0	0	0	0	200s	100	1	8003
ms	971 1294	0	0	0	0	200s	100	1	8003
ms	984 1283	0	0	0	0	200s	100	1	8003
ms	987 1305	0	0	0	0	200s	100	1	8003
ms	982 1316	0	0	0	0	200s	100	1	8003
ms	1001 1316	0	0	0	0	200s	100	1	8003
ms	1031 1314	0	0	0	0	200s	100	1	8003
ms	1043 1326	0	0	0	0	200s	100	1	8003
ms	1052 1339	0	0	0	0	200s	100	1	8003
ms	1028 1331	0	0	0	0	200s	100	1	8003
ms	1023 1315	0	0	0	0	200s	100	1	8003
ms	1011 1298	0	0	0	0	200s	100	1	8003
ms	991 1293	0	0	0	0	200s	100	1	8003
ms	965 1070	0	0	0	0	200s	100	1	8004
ms	976 1062	0	0	0	0	200s	100	1	8004
ms	982 1069	0	0	0	0	200s	100	1	8004
ms	979 1081	0	0	0	0	200s	100	1	8004
ms	951 1069	0	0	0	0	200s	100	1	8004
ms	977 1092	0	0	0	0	200s	100	1	8004
ms	994 1079	0	0	0	0	200s	100	1	8004
ms	1003 1100	0	0	0	0	200s	100	1	8004
ms	1020 1082	0	0	0	0	200s	100	1	8004
ms	1019 1114	0	0	0	0	200s	100	1	8004
ms	1035 1126	0	0	0	0	200s	100	1	8004
ms	1030 1115	0	0	0	0	200s	100	1	8004
ms	1013 1093	0	0	0	0	200s	100	1	8004
ms	1095 1140	0	0	0	0	200s	100	1	8004
ms	1111 1146	0	0	0	0	200s	100	1	8004
ms	1136 1153	0	0	0	0	200s	100	1	8004
ms	1158 1153	0	0	0	0	200s	100	1	8004
ms	1167 1171	0	0	0	0	200s	100	1	8004
ms	1159 1185	0	0	0	0	200s	100	1	8004
ms	1142 1203	0	0	0	0	200s	100	1	8004
ms	1119 1178	0	0	0	0	200s	100	1	8004
ms	1106 1158	0	0	0	0	200s	100	1	8004
ms	1122 1161	0	0	0	0	200s	100	1	8004
ms	1107 1172	0	0	0	0	200s	100	1	8004
ms	1067 1176	0	0	0	0	200s	100	1	8004
ms	1050 1165	0	0	0	0	200s	100	1	8004
ms	1041 1153	0	0	0	0	200s	100	1	8004
ms	1040 1134	0	0	0	0	200s	100	1	8004
ms	1047 1116	0	0	0	0	200s	100	1	8004
ms	1005 1130	0	0	0	0	200s	100	1	8004
ms	995 1128	0	0	0	0	200s	100	1	8004
ms	985 1107	0	0	0	0	200s	100	1	8004
ms	1019 1156	0	0	0	0	200s	100	1	8004
ms	1004 1089	0	0	0	0	200s	100	1	8004
ms	701 1110	0	0	0	0	200s	100	1	8005
ms	694 1136	0	0	0	0	200s	100	1	8005
ms	701 1125	0	0	0	0	200s	100	1	8005
ms	703 1148	0	0	0	0	200s	100	1	8005
ms	707 1138	0	0	0	0	200s	100	1	8005
ms	713 1147	0	0	0	0	200s	100	1	8005
ms	716 1155	0	0	0	0	200s	100	1	8005
ms	733 1156	0	0	0	0	200s	100	1	8005
ms	736 1145	0	0	0	0	200s	100	1	8005
ms	726 1145	0	0	0	0	200s	100	1	8005
ms	718 1135	0	0	0	0	200s	100	1	8005
ms	717 1118	0	0	0	0	200s	100	1	8005
ms	722 1114	0	0	0	0	200s	100	1	8005
ms	727 1126	0	0	0	0	200s	100	1	8005
ms	733 1110	0	0	0	0	200s	100	1	8005
ms	735 1089	0	0	0	0	200s	100	1	8005
ms	748 1088	0	0	0	0	200s	100	1	8005
ms	760 1089	0	0	0	0	200s	100	1	8005
ms	747 1098	0	0	0	0	200s	100	1	8005
ms	796 1145	0	0	0	0	200s	100	1	8005
ms	815 1151	0	0	0	0	200s	100	1	8005
ms	829 1150	0	0	0	0	200s	100	1	8005
ms	836 1142	0	0	0	0	200s	100	1	8005
ms	849 1136	0	0	0	0	200s	100	1	8005
ms	837 1118	0	0	0	0	200s	100	1	8005
ms	824 1124	0	0	0	0	200s	100	1	8005
ms	810 1130	0	0	0	0	200s	100	1	8005
ms	763 1125	0	0	0	0	200s	100	1	8005
ms	761 1115	0	0	0	0	200s	100	1	8005
ms	806 1091	0	0	0	0	200s	100	1	8005
ms	793 1087	0	0	0	0	200s	100	1	8005
ms	802 935	0	0	0	0	200s	100	1	8006
ms	800 958	0	0	0	0	200s	100	1	8006
ms	813 917	0	0	0	0	200s	100	1	8006
ms	828 900	0	0	0	0	200s	100	1	8006
ms	839 885	0	0	0	0	200s	100	1	8006
ms	841 875	0	0	0	0	200s	100	1	8006
ms	823 884	0	0	0	0	200s	100	1	8006
ms	807 897	0	0	0	0	200s	100	1	8006
ms	847 899	0	0	0	0	200s	100	1	8006
ms	768 954	0	0	0	0	200s	100	1	8006
ms	763 908	0	0	0	0	200s	100	1	8006
ms	750 906	0	0	0	0	200s	100	1	8006
ms	754 888	0	0	0	0	200s	100	1	8006
ms	749 874	0	0	0	0	200s	100	1	8006
ms	738 865	0	0	0	0	200s	100	1	8006
ms	715 851	0	0	0	0	200s	100	1	8006
ms	692 834	0	0	0	0	200s	100	1	8006
ms	702 832	0	0	0	0	200s	100	1	8006
ms	700 852	0	0	0	0	200s	100	1	8006
ms	721 835	0	0	0	0	200s	100	1	8006
ms	785 867	0	0	0	0	200s	100	1	8006
ms	787 851	0	0	0	0	200s	100	1	8006
ms	817 845	0	0	0	0	200s	100	1	8006
ms	828 837	0	0	0	0	200s	100	1	8006
ms	845 831	0	0	0	0	200s	100	1	8006
ms	834 848	0	0	0	0	200s	100	1	8006
ms	832 929	0	0	0	0	200s	100	1	8006
ms	854 942	0	0	0	0	200s	100	1	8006
ms	779 925	0	0	0	0	200s	100	1	8006
ms	759 869	0	0	0	0	200s	100	1	8006
ms	735 839	0	0	0	0	200s	100	1	8006
ms	717 820	0	0	0	0	200s	100	1	8006
ms	704 805	0	0	0	0	200s	100	1	8006
ms	722 810	0	0	0	0	200s	100	1	8006
ms	749 817	0	0	0	0	200s	100	1	8006
ms	747 807	0	0	0	0	200s	100	1	8006
ms	739 828	0	0	0	0	200s	100	1	8006
ms	796 815	0	0	0	0	200s	100	1	8006
ms	790 829	0	0	0	0	200s	100	1	8006
ms	811 812	0	0	0	0	200s	100	1	8006
ms	825 797	0	0	0	0	200s	100	1	8006
ms	818 820	0	0	0	0	200s	100	1	8006
ms	713 784	0	0	0	0	200s	100	1	8007
ms	687 787	0	0	0	0	200s	100	1	8007
ms	679 772	0	0	0	0	200s	100	1	8007
ms	696 758	0	0	0	0	200s	100	1	8007
ms	699 764	0	0	0	0	200s	100	1	8007
ms	698 735	0	0	0	0	200s	100	1	8007
ms	713 702	0	0	0	0	200s	100	1	8007
ms	715 724	0	0	0	0	200s	100	1	8007
ms	732 703	0	0	0	0	200s	100	1	8007
ms	741 699	0	0	0	0	200s	100	1	8007
ms	735 716	0	0	0	0	200s	100	1	8007
ms	746 698	0	0	0	0	200s	100	1	8007
ms	768 696	0	0	0	0	200s	100	1	8007
ms	782 691	0	0	0	0	200s	100	1	8007
ms	788 696	0	0	0	0	200s	100	1	8007
ms	811 700	0	0	0	0	200s	100	1	8007
ms	823 717	0	0	0	0	200s	100	1	8007
ms	832 737	0	0	0	0	200s	100	1	8007
ms	825 746	0	0	0	0	200s	100	1	8007
ms	839 753	0	0	0	0	200s	100	1	8007
ms	868 745	0	0	0	0	200s	100	1	8007
ms	875 719	0	0	0	0	200s	100	1	8007
ms	887 713	0	0	0	0	200s	100	1	8007
ms	914 703	0	0	0	0	200s	100	1	8007
ms	866 698	0	0	0	0	200s	100	1	8007
ms	846 686	0	0	0	0	200s	100	1	8007
ms	838 679	0	0	0	0	200s	100	1	8007
ms	818 677	0	0	0	0	200s	100	1	8007
ms	800 669	0	0	0	0	200s	100	1	8007
ms	777 665	0	0	0	0	200s	100	1	8007
ms	739 662	0	0	0	0	200s	100	1	8007
ms	710 674	0	0	0	0	200s	100	1	8007
ms	684 677	0	0	0	0	200s	100	1	8007
ms	678 693	0	0	0	0	200s	100	1	8007
ms	666 716	0	0	0	0	200s	100	1	8007
ms	647 730	0	0	0	0	200s	100	1	8007
ms	620 754	0	0	0	0	200s	100	1	8007
ms	572 689	0	0	0	0	200s	100	1	8007
ms	571 674	0	0	0	0	200s	100	1	8007
ms	570 659	0	0	0	0	200s	100	1	8007
ms	565 652	0	0	0	0	200s	100	1	8007
ms	555 645	0	0	0	0	200s	100	1	8007
ms	575 608	0	0	0	0	200s	100	1	8007
ms	603 607	0	0	0	0	200s	100	1	8007
ms	611 621	0	0	0	0	200s	100	1	8007
ms	597 630	0	0	0	0	200s	100	1	8007
ms	617 635	0	0	0	0	200s	100	1	8007
ms	625 618	0	0	0	0	200s	100	1	8007
ms	634 653	0	0	0	0	200s	100	1	8007
ms	635 612	0	0	0	0	200s	100	1	8007
ms	655 602	0	0	0	0	200s	100	1	8007
ms	639 638	0	0	0	0	200s	100	1	8007
ms	656 675	0	0	0	0	200s	100	1	8007
ms	648 659	0	0	0	0	200s	100	1	8007
ms	688 605	0	0	0	0	200s	100	1	8007
ms	715 603	0	0	0	0	200s	100	1	8007
ms	724 600	0	0	0	0	200s	100	1	8007
ms	715 619	0	0	0	0	200s	100	1	8007
ms	729 616	0	0	0	0	200s	100	1	8007
ms	732 670	0	0	0	0	200s	100	1	8007
ms	883 726	0	0	0	0	200s	100	1	8007
ms	859 725	0	0	0	0	200s	100	1	8007
ms	467 830	0	0	0	0	200s	100	1	8009
ms	459 836	0	0	0	0	200s	100	1	8009
ms	451 855	0	0	0	0	200s	100	1	8009
ms	476 848	0	0	0	0	200s	100	1	8009
ms	477 841	0	0	0	0	200s	100	1	8009
ms	465 854	0	0	0	0	200s	100	1	8009
ms	462 874	0	0	0	0	200s	100	1	8009
ms	436 886	0	0	0	0	200s	100	1	8009
ms	421 879	0	0	0	0	200s	100	1	8009
ms	440 865	0	0	0	0	200s	100	1	8009
ms	443 876	0	0	0	0	200s	100	1	8009
ms	429 858	0	0	0	0	200s	100	1	8009
ms	413 860	0	0	0	0	200s	100	1	8009
ms	396 840	0	0	0	0	200s	100	1	8009
ms	392 853	0	0	0	0	200s	100	1	8009
ms	366 830	0	0	0	0	200s	100	1	8009
ms	379 822	0	0	0	0	200s	100	1	8009
ms	392 803	0	0	0	0	200s	100	1	8009
ms	388 780	0	0	0	0	200s	100	1	8009
ms	399 767	0	0	0	0	200s	100	1	8009
ms	413 787	0	0	0	0	200s	100	1	8009
ms	410 800	0	0	0	0	200s	100	1	8009
ms	401 781	0	0	0	0	200s	100	1	8009
ms	468 819	0	0	0	0	200s	100	1	8009
ms	420 806	0	0	0	0	200s	100	1	8009
ms	444 899	0	0	0	0	200s	100	1	8009
ms	456 885	0	0	0	0	200s	100	1	8009
ms	488 879	0	0	0	0	200s	100	1	8009
ms	507 890	0	0	0	0	200s	100	1	8009
ms	499 891	0	0	0	0	200s	100	1	8009
ms	422 907	0	0	0	0	200s	100	1	8009
ms	407 898	0	0	0	0	200s	100	1	8009
ms	385 893	0	0	0	0	200s	100	1	8009
ms	391 881	0	0	0	0	200s	100	1	8009
ms	381 873	0	0	0	0	200s	100	1	8009
ms	345 865	0	0	0	0	200s	100	1	8009
ms	409 518	0	0	0	0	200s	100	1	8010
ms	424 468	0	0	0	0	200s	100	1	8010
ms	447 456	0	0	0	0	200s	100	1	8010
ms	459 451	0	0	0	0	200s	100	1	8010
ms	474 445	0	0	0	0	200s	100	1	8010
ms	486 445	0	0	0	0	200s	100	1	8010
ms	500 445	0	0	0	0	200s	100	1	8010
ms	513 431	0	0	0	0	200s	100	1	8010
ms	520 413	0	0	0	0	200s	100	1	8010
ms	532 407	0	0	0	0	200s	100	1	8010
ms	547 400	0	0	0	0	200s	100	1	8010
ms	566 392	0	0	0	0	200s	100	1	8010
ms	584 383	0	0	0	0	200s	100	1	8010
ms	354 544	0	0	0	0	200s	100	1	8010
ms	354 519	0	0	0	0	200s	100	1	8010
ms	328 541	0	0	0	0	200s	100	1	8010
ms	341 502	0	0	0	0	200s	100	1	8010
ms	322 528	0	0	0	0	200s	100	1	8010
ms	329 516	0	0	0	0	200s	100	1	8010
ms	332 482	0	0	0	0	200s	100	1	8010
ms	314 470	0	0	0	0	200s	100	1	8010
ms	304 460	0	0	0	0	200s	100	1	8010
ms	296 451	0	0	0	0	200s	100	1	8010
ms	293 439	0	0	0	0	200s	100	1	8010
ms	269 429	0	0	0	0	200s	100	1	8010
ms	257 422	0	0	0	0	200s	100	1	8010
ms	264 403	0	0	0	0	200s	100	1	8010
ms	260 387	0	0	0	0	200s	100	1	8010
ms	250 366	0	0	0	0	200s	100	1	8010
ms	215 378	0	0	0	0	200s	100	1	8010
ms	234 403	0	0	0	0	200s	100	1	8010
ms	244 395	0	0	0	0	200s	100	1	8010
ms	251 456	0	0	0	0	200s	100	1	8010
ms	265 474	0	0	0	0	200s	100	1	8010
ms	307 540	0	0	0	0	200s	100	1	8010
ms	377 340	0	0	0	0	200s	100	1	8010
ms	396 342	0	0	0	0	200s	100	1	8010
ms	443 356	0	0	0	0	200s	100	1	8010
ms	438 374	0	0	0	0	200s	100	1	8010
ms	368 365	0	0	0	0	200s	100	1	8010
ms	566 352	0	0	0	0	200s	100	1	8010
ms	833 389	0	0	0	0	200s	100	1	8011
ms	856 398	0	0	0	0	200s	100	1	8011
ms	881 402	0	0	0	0	200s	100	1	8011
ms	909 401	0	0	0	0	200s	100	1	8011
ms	949 410	0	0	0	0	200s	100	1	8011
ms	970 424	0	0	0	0	200s	100	1	8011
ms	987 432	0	0	0	0	200s	100	1	8011
ms	1008 434	0	0	0	0	200s	100	1	8011
ms	1015 418	0	0	0	0	200s	100	1	8011
ms	1007 417	0	0	0	0	200s	100	1	8011
ms	997 422	0	0	0	0	200s	100	1	8011
ms	955 397	0	0	0	0	200s	100	1	8011
ms	967 365	0	0	0	0	200s	100	1	8011
ms	954 365	0	0	0	0	200s	100	1	8011
ms	927 365	0	0	0	0	200s	100	1	8011
ms	903 363	0	0	0	0	200s	100	1	8011
ms	884 365	0	0	0	0	200s	100	1	8011
ms	893 350	0	0	0	0	200s	100	1	8011
ms	860 360	0	0	0	0	200s	100	1	8011
ms	829 360	0	0	0	0	200s	100	1	8011
ms	815 354	0	0	0	0	200s	100	1	8011
ms	790 352	0	0	0	0	200s	100	1	8011
ms	744 374	0	0	0	0	200s	100	1	8011
ms	759 376	0	0	0	0	200s	100	1	8011
ms	983 368	0	0	0	0	200s	100	1	8011
ms	1014 380	0	0	0	0	200s	100	1	8011
ms	1033 393	0	0	0	0	200s	100	1	8011
ms	1054 406	0	0	0	0	200s	100	1	8011
ms	1071 419	0	0	0	0	200s	100	1	8011
ms	1072 469	0	0	0	0	200s	100	1	8011
ms	1068 453	0	0	0	0	200s	100	1	8011
ms	1049 439	0	0	0	0	200s	100	1	8011
ms	1030 438	0	0	0	0	200s	100	1	8011
ms	1054 457	0	0	0	0	200s	100	1	8011
ms	1075 479	0	0	0	0	200s	100	1	8011
ms	1082 454	0	0	0	0	200s	100	1	8011
ms	1088 474	0	0	0	0	200s	100	1	8011
ms	1091 492	0	0	0	0	200s	100	1	8011
ms	1089 507	0	0	0	0	200s	100	1	8011
ms	1083 518	0	0	0	0	200s	100	1	8011
ms	1095 512	0	0	0	0	200s	100	1	8011
ms	1101 504	0	0	0	0	200s	100	1	8011
ms	1101 490	0	0	0	0	200s	100	1	8011
ms	1101 472	0	0	0	0	200s	100	1	8011
ms	1092 463	0	0	0	0	200s	100	1	8011
ms	1100 430	0	0	0	0	200s	100	1	8011
ms	1113 437	0	0	0	0	200s	100	1	8011
ms	1120 444	0	0	0	0	200s	100	1	8011
ms	1134 448	0	0	0	0	200s	100	1	8011
ms	1147 455	0	0	0	0	200s	100	1	8011
ms	1161 456	0	0	0	0	200s	100	1	8011
ms	1169 471	0	0	0	0	200s	100	1	8011
ms	1186 484	0	0	0	0	200s	100	1	8011
ms	1154 492	0	0	0	0	200s	100	1	8011
ms	1132 501	0	0	0	0	200s	100	1	8011
ms	1123 481	0	0	0	0	200s	100	1	8011
ms	514 1171	0	0	0	0	200s	100	1	8013
ms	498 1147	0	0	0	0	200s	100	1	8013
ms	512 1139	0	0	0	0	200s	100	1	8013
ms	522 1131	0	0	0	0	200s	100	1	8013
ms	525 1119	0	0	0	0	200s	100	1	8013
ms	510 1117	0	0	0	0	200s	100	1	8013
ms	495 1123	0	0	0	0	200s	100	1	8013
ms	477 1110	0	0	0	0	200s	100	1	8013
ms	468 1100	0	0	0	0	200s	100	1	8013
ms	512 1183	0	0	0	0	200s	100	1	8013
ms	492 1205	0	0	0	0	200s	100	1	8013
ms	486 1195	0	0	0	0	200s	100	1	8013
ms	475 1180	0	0	0	0	200s	100	1	8013
ms	465 1169	0	0	0	0	200s	100	1	8013
ms	448 1135	0	0	0	0	200s	100	1	8013
ms	430 1132	0	0	0	0	200s	100	1	8013
ms	410 1123	0	0	0	0	200s	100	1	8013
ms	434 1115	0	0	0	0	200s	100	1	8013
ms	378 1085	0	0	0	0	200s	100	1	8013
ms	363 1079	0	0	0	0	200s	100	1	8013
ms	346 1076	0	0	0	0	200s	100	1	8013
ms	338 1060	0	0	0	0	200s	100	1	8013
ms	349 1063	0	0	0	0	200s	100	1	8013
ms	394 1070	0	0	0	0	200s	100	1	8013
ms	393 1078	0	0	0	0	200s	100	1	8013
ms	403 1073	0	0	0	0	200s	100	1	8013
ms	458 1046	0	0	0	0	200s	100	1	8013
ms	449 1059	0	0	0	0	200s	100	1	8013
ms	463 1054	0	0	0	0	200s	100	1	8013
ms	457 1067	0	0	0	0	200s	100	1	8013
ms	456 1082	0	0	0	0	200s	100	1	8013
ms	471 1063	0	0	0	0	200s	100	1	8013
ms	482 1063	0	0	0	0	200s	100	1	8013
ms	471 1078	0	0	0	0	200s	100	1	8013
ms	485 1077	0	0	0	0	200s	100	1	8013
ms	546 1076	0	0	0	0	200s	100	1	8013
ms	543 1086	0	0	0	0	200s	100	1	8013
ms	540 1124	0	0	0	0	200s	100	1	8013
ms	538 1134	0	0	0	0	200s	100	1	8013
ms	484 1139	0	0	0	0	200s	100	1	8013
ms	165 1198	0	0	0	0	200s	100	1	8014
ms	176 1225	0	0	0	0	200s	100	1	8014
ms	168 1216	0	0	0	0	200s	100	1	8014
ms	201 1200	0	0	0	0	200s	100	1	8014
ms	199 1230	0	0	0	0	200s	100	1	8014
ms	186 1258	0	0	0	0	200s	100	1	8014
ms	157 1245	0	0	0	0	200s	100	1	8014
ms	199 1248	0	0	0	0	200s	100	1	8014
ms	213 1274	0	0	0	0	200s	100	1	8014
ms	198 1294	0	0	0	0	200s	100	1	8014
ms	225 1249	0	0	0	0	200s	100	1	8014
ms	226 1265	0	0	0	0	200s	100	1	8014
ms	235 1325	0	0	0	0	200s	100	1	8014
ms	194 1333	0	0	0	0	200s	100	1	8014
ms	251 1358	0	0	0	0	200s	100	1	8014
ms	262 1371	0	0	0	0	200s	100	1	8014
ms	269 1384	0	0	0	0	200s	100	1	8014
ms	278 1397	0	0	0	0	200s	100	1	8014
ms	290 1410	0	0	0	0	200s	100	1	8014
ms	304 1378	0	0	0	0	200s	100	1	8014
ms	325 1380	0	0	0	0	200s	100	1	8014
ms	332 1394	0	0	0	0	200s	100	1	8014
ms	339 1410	0	0	0	0	200s	100	1	8014
ms	356 1399	0	0	0	0	200s	100	1	8014
ms	378 1403	0	0	0	0	200s	100	1	8014
ms	367 1369	0	0	0	0	200s	100	1	8014
ms	340 1365	0	0	0	0	200s	100	1	8014
ms	374 1340	0	0	0	0	200s	100	1	8014
ms	307 1354	0	0	0	0	200s	100	1	8014
ms	284 1347	0	0	0	0	200s	100	1	8014
ms	265 1339	0	0	0	0	200s	100	1	8014
ms	283 1311	0	0	0	0	200s	100	1	8014
ms	310 1297	0	0	0	0	200s	100	1	8014
ms	290 1282	0	0	0	0	200s	100	1	8014
ms	266 1268	0	0	0	0	200s	100	1	8014
ms	261 1249	0	0	0	0	200s	100	1	8014
ms	249 1215	0	0	0	0	200s	100	1	8014
ms	264 1296	0	0	0	0	200s	100	1	8014
ms	264 1318	0	0	0	0	200s	100	1	8014
ms	299 1334	0	0	0	0	200s	100	1	8014
ms	158 1083	0	0	0	0	200s	100	1	8024
ms	174 1044	0	0	0	0	200s	100	1	8024
ms	170 1026	0	0	0	0	200s	100	1	8024
ms	168 1003	0	0	0	0	200s	100	1	8024
ms	166 983	0	0	0	0	200s	100	1	8024
ms	163 962	0	0	0	0	200s	100	1	8024
ms	164 944	0	0	0	0	200s	100	1	8024
ms	172 932	0	0	0	0	200s	100	1	8024
ms	174 917	0	0	0	0	200s	100	1	8024
ms	146 916	0	0	0	0	200s	100	1	8024
ms	145 932	0	0	0	0	200s	100	1	8024
ms	148 949	0	0	0	0	200s	100	1	8024
ms	157 1036	0	0	0	0	200s	100	1	8024
ms	157 1004	0	0	0	0	200s	100	1	8024
ms	139 901	0	0	0	0	200s	100	1	8024
ms	140 880	0	0	0	0	200s	100	1	8024
ms	151 887	0	0	0	0	200s	100	1	8024
ms	155 897	0	0	0	0	200s	100	1	8024
ms	168 885	0	0	0	0	200s	100	1	8024
ms	188 878	0	0	0	0	200s	100	1	8024
ms	203 873	0	0	0	0	200s	100	1	8024
ms	172 847	0	0	0	0	200s	100	1	8024
ms	172 837	0	0	0	0	200s	100	1	8024
ms	179 820	0	0	0	0	200s	100	1	8024
ms	186 803	0	0	0	0	200s	100	1	8024
ms	190 783	0	0	0	0	200s	100	1	8024
ms	198 826	0	0	0	0	200s	100	1	8024
ms	207 805	0	0	0	0	200s	100	1	8024
ms	214 792	0	0	0	0	200s	100	1	8024
ms	219 779	0	0	0	0	200s	100	1	8024
ms	212 767	0	0	0	0	200s	100	1	8024
ms	235 773	0	0	0	0	200s	100	1	8024
ms	228 789	0	0	0	0	200s	100	1	8024
ms	256 756	0	0	0	0	200s	100	1	8024
ms	180 728	0	0	0	0	200s	100	1	8024
ms	196 732	0	0	0	0	200s	100	1	8024
ms	204 718	0	0	0	0	200s	100	1	8024
ms	223 700	0	0	0	0	200s	100	1	8024
ms	232 717	0	0	0	0	200s	100	1	8024
ms	220 723	0	0	0	0	200s	100	1	8024
ms	211 735	0	0	0	0	200s	100	1	8024
ms	242 727	0	0	0	0	200s	100	1	8024
ms	380 167	0	0	0	0	200s	100	1	8025
ms	365 175	0	0	0	0	200s	100	1	8025
ms	371 187	0	0	0	0	200s	100	1	8025
ms	379 205	0	0	0	0	200s	100	1	8025
ms	355 197	0	0	0	0	200s	100	1	8025
ms	290 191	0	0	0	0	200s	100	1	8025
ms	296 174	0	0	0	0	200s	100	1	8025
ms	311 171	0	0	0	0	200s	100	1	8025
ms	314 158	0	0	0	0	200s	100	1	8025
ms	319 137	0	0	0	0	200s	100	1	8025
ms	291 121	0	0	0	0	200s	100	1	8025
ms	249 376	0	0	0	0	200s	100	1	8025
ms	249 399	0	0	0	0	200s	100	1	8025
ms	264 397	0	0	0	0	200s	100	1	8025
ms	252 419	0	0	0	0	200s	100	1	8025
ms	228 412	0	0	0	0	200s	100	1	8025
ms	206 377	0	0	0	0	200s	100	1	8025
ms	220 363	0	0	0	0	200s	100	1	8025
ms	211 391	0	0	0	0	200s	100	1	8025
ms	331 527	0	0	0	0	200s	100	1	8025
ms	351 514	0	0	0	0	200s	100	1	8025
ms	356 531	0	0	0	0	200s	100	1	8025
ms	327 487	0	0	0	0	200s	100	1	8025
ms	472 440	0	0	0	0	200s	100	1	8025
ms	449 454	0	0	0	0	200s	100	1	8025
ms	364 422	0	0	0	0	200s	100	1	8025
ms	349 413	0	0	0	0	200s	100	1	8025
ms	334 401	0	0	0	0	200s	100	1	8025
ms	315 381	0	0	0	0	200s	100	1	8025
ms	398 423	0	0	0	0	200s	100	1	8025
ms	384 443	0	0	0	0	200s	100	1	8025
ms	394 459	0	0	0	0	200s	100	1	8025
ms	349 458	0	0	0	0	200s	100	1	8025
ms	341 487	0	0	0	0	200s	100	1	8025
ms	414 521	0	0	0	0	200s	100	1	8025
ms	428 519	0	0	0	0	200s	100	1	8025
ms	426 494	0	0	0	0	200s	100	1	8025
ms	423 468	0	0	0	0	200s	100	1	8025
ms	432 465	0	0	0	0	200s	100	1	8025
ms	559 390	0	0	0	0	200s	100	1	8025
ms	539 408	0	0	0	0	200s	100	1	8025
ms	1011 116	0	0	0	0	200s	100	1	8008
ms	1034 120	0	0	0	0	200s	100	1	8008
ms	1061 128	0	0	0	0	200s	100	1	8008
ms	1071 134	0	0	0	0	200s	100	1	8008
ms	1069 115	0	0	0	0	200s	100	1	8008
ms	1002 134	0	0	0	0	200s	100	1	8008
ms	1019 141	0	0	0	0	200s	100	1	8008
ms	1044 146	0	0	0	0	200s	100	1	8008
ms	1075 156	0	0	0	0	200s	100	1	8008
ms	1077 170	0	0	0	0	200s	100	1	8008
ms	1094 185	0	0	0	0	200s	100	1	8008
ms	1115 173	0	0	0	0	200s	100	1	8008
ms	1119 186	0	0	0	0	200s	100	1	8008
ms	1132 186	0	0	0	0	200s	100	1	8008
ms	1136 197	0	0	0	0	200s	100	1	8008
ms	1156 195	0	0	0	0	200s	100	1	8008
ms	1158 214	0	0	0	0	200s	100	1	8008
ms	1178 206	0	0	0	0	200s	100	1	8008
ms	1183 223	0	0	0	0	200s	100	1	8008
ms	1199 208	0	0	0	0	200s	100	1	8008
ms	1198 226	0	0	0	0	200s	100	1	8008
ms	1183 286	0	0	0	0	200s	100	1	8008
ms	1163 279	0	0	0	0	200s	100	1	8008
ms	1143 272	0	0	0	0	200s	100	1	8008
ms	1127 265	0	0	0	0	200s	100	1	8008
ms	1109 254	0	0	0	0	200s	100	1	8008
ms	1098 239	0	0	0	0	200s	100	1	8008
ms	1079 232	0	0	0	0	200s	100	1	8008
ms	1063 221	0	0	0	0	200s	100	1	8008
ms	1044 205	0	0	0	0	200s	100	1	8008
ms	1024 189	0	0	0	0	200s	100	1	8008
ms	1001 161	0	0	0	0	200s	100	1	8008
ms	994 171	0	0	0	0	200s	100	1	8008
ms	1004 192	0	0	0	0	200s	100	1	8008
ms	1018 209	0	0	0	0	200s	100	1	8008
ms	1041 226	0	0	0	0	200s	100	1	8008
ms	1063 240	0	0	0	0	200s	100	1	8008
ms	1077 244	0	0	0	0	200s	100	1	8008
ms	1096 253	0	0	0	0	200s	100	1	8008
ms	1120 265	0	0	0	0	200s	100	1	8008
ms	1132 279	0	0	0	0	200s	100	1	8008
ms	1144 284	0	0	0	0	200s	100	1	8008
ms	1160 290	0	0	0	0	200s	100	1	8008
ms	848 153	0	0	0	0	200s	100	1	8026
ms	828 153	0	0	0	0	200s	100	1	8026
ms	798 153	0	0	0	0	200s	100	1	8026
ms	776 154	0	0	0	0	200s	100	1	8026
ms	767 149	0	0	0	0	200s	100	1	8026
ms	736 142	0	0	0	0	200s	100	1	8026
ms	716 149	0	0	0	0	200s	100	1	8026
ms	692 152	0	0	0	0	200s	100	1	8026
ms	746 152	0	0	0	0	200s	100	1	8026
ms	853 176	0	0	0	0	200s	100	1	8026
ms	818 183	0	0	0	0	200s	100	1	8026
ms	779 190	0	0	0	0	200s	100	1	8026
ms	760 199	0	0	0	0	200s	100	1	8026
ms	735 191	0	0	0	0	200s	100	1	8026
ms	730 184	0	0	0	0	200s	100	1	8026
ms	769 198	0	0	0	0	200s	100	1	8026
ms	799 190	0	0	0	0	200s	100	1	8026
ms	808 179	0	0	0	0	200s	100	1	8026
ms	724 198	0	0	0	0	200s	100	1	8026
ms	714 185	0	0	0	0	200s	100	1	8026
ms	758 213	0	0	0	0	200s	100	1	8026
ms	746 204	0	0	0	0	200s	100	1	8026
ms	734 126	0	0	0	0	200s	100	1	8026
ms	718 127	0	0	0	0	200s	100	1	8026
ms	706 153	0	0	0	0	200s	100	1	8026
ms	732 161	0	0	0	0	200s	100	1	8026
ms	574 154	0	0	0	0	200s	100	1	8026
ms	540 153	0	0	0	0	200s	100	1	8026
ms	523 157	0	0	0	0	200s	100	1	8026
ms	554 188	0	0	0	0	200s	100	1	8026
ms	560 193	0	0	0	0	200s	100	1	8026
ms	564 205	0	0	0	0	200s	100	1	8026
ms	573 212	0	0	0	0	200s	100	1	8026
ms	591 230	0	0	0	0	200s	100	1	8026
ms	589 235	0	0	0	0	200s	100	1	8026
ms	524 185	0	0	0	0	200s	100	1	8026
ms	517 181	0	0	0	0	200s	100	1	8026
ms	1316 147	0	0	0	0	200s	100	1	8027
ms	1341 136	0	0	0	0	200s	100	1	8027
ms	1374 128	0	0	0	0	200s	100	1	8027
ms	1363 148	0	0	0	0	200s	100	1	8027
ms	1351 131	0	0	0	0	200s	100	1	8027
ms	1370 142	0	0	0	0	200s	100	1	8027
ms	1323 128	0	0	0	0	200s	100	1	8027
ms	1317 118	0	0	0	0	200s	100	1	8027
ms	1300 113	0	0	0	0	200s	100	1	8027
ms	1289 111	0	0	0	0	200s	100	1	8027
ms	1329 142	0	0	0	0	200s	100	1	8027
ms	1328 130	0	0	0	0	200s	100	1	8027
ms	1354 144	0	0	0	0	200s	100	1	8027
ms	1393 155	0	0	0	0	200s	100	1	8027
ms	1387 162	0	0	0	0	200s	100	1	8027
ms	1404 169	0	0	0	0	200s	100	1	8027
ms	1404 137	0	0	0	0	200s	100	1	8027
ms	1416 115	0	0	0	0	200s	100	1	8027
ms	1430 110	0	0	0	0	200s	100	1	8027
ms	1437 96	0	0	0	0	200s	100	1	8027
ms	1451 90	0	0	0	0	200s	100	1	8027
ms	1455 97	0	0	0	0	200s	100	1	8027
ms	1444 111	0	0	0	0	200s	100	1	8027
ms	1429 122	0	0	0	0	200s	100	1	8027
ms	1361 168	0	0	0	0	200s	100	1	8027
ms	1372 178	0	0	0	0	200s	100	1	8027
ms	1383 180	0	0	0	0	200s	100	1	8027
ms	1393 180	0	0	0	0	200s	100	1	8027
ms	1407 186	0	0	0	0	200s	100	1	8027
ms	1395 190	0	0	0	0	200s	100	1	8027
ms	1400 196	0	0	0	0	200s	100	1	8027
ms	1405 205	0	0	0	0	200s	100	1	8027
ms	1394 205	0	0	0	0	200s	100	1	8027
ms	1378 209	0	0	0	0	200s	100	1	8027
ms	1370 213	0	0	0	0	200s	100	1	8027
ms	1349 223	0	0	0	0	200s	100	1	8027
ms	1341 230	0	0	0	0	200s	100	1	8027
ms	1337 255	0	0	0	0	200s	100	1	8027
ms	1328 240	0	0	0	0	200s	100	1	8027
ms	1325 211	0	0	0	0	200s	100	1	8027
ms	1329 217	0	0	0	0	200s	100	1	8027
ms	1332 261	0	0	0	0	200s	100	1	8027
ms	1341 270	0	0	0	0	200s	100	1	8027
ms	1342 296	0	0	0	0	200s	100	1	8027
ms	1336 309	0	0	0	0	200s	100	1	8027
ms	1334 322	0	0	0	0	200s	100	1	8027
ms	1332 332	0	0	0	0	200s	100	1	8027
ms	1331 344	0	0	0	0	200s	100	1	8027
ms	1332 355	0	0	0	0	200s	100	1	8027
ms	1334 365	0	0	0	0	200s	100	1	8027
ms	1320 360	0	0	0	0	200s	100	1	8027
ms	1343 353	0	0	0	0	200s	100	1	8027
ms	1365 332	0	0	0	0	200s	100	1	8027
ms	1351 331	0	0	0	0	200s	100	1	8027
ms	1357 308	0	0	0	0	200s	100	1	8027
ms	1366 287	0	0	0	0	200s	100	1	8027
ms	1372 299	0	0	0	0	200s	100	1	8027
ms	1385 307	0	0	0	0	200s	100	1	8027
ms	1391 326	0	0	0	0	200s	100	1	8027
ms	1396 347	0	0	0	0	200s	100	1	8027
ms	1400 321	0	0	0	0	200s	100	1	8027
ms	1410 298	0	0	0	0	200s	100	1	8027
ms	1410 281	0	0	0	0	200s	100	1	8027
ms	1398 270	0	0	0	0	200s	100	1	8027
ms	1393 287	0	0	0	0	200s	100	1	8027
ms	1385 273	0	0	0	0	200s	100	1	8027
ms	1367 263	0	0	0	0	200s	100	1	8027
ms	1356 253	0	0	0	0	200s	100	1	8027
ms	1390 225	0	0	0	0	200s	100	1	8027
ms	1400 223	0	0	0	0	200s	100	1	8027
ms	1367 481	0	0	0	0	200s	100	1	8012
ms	1375 471	0	0	0	0	200s	100	1	8012
ms	1381 488	0	0	0	0	200s	100	1	8012
ms	1394 498	0	0	0	0	200s	100	1	8012
ms	1392 512	0	0	0	0	200s	100	1	8012
ms	1378 502	0	0	0	0	200s	100	1	8012
ms	1388 499	0	0	0	0	200s	100	1	8012
ms	1399 537	0	0	0	0	200s	100	1	8012
ms	1404 558	0	0	0	0	200s	100	1	8012
ms	1385 559	0	0	0	0	200s	100	1	8012
ms	1380 532	0	0	0	0	200s	100	1	8012
ms	1376 522	0	0	0	0	200s	100	1	8012
ms	1370 510	0	0	0	0	200s	100	1	8012
ms	1354 503	0	0	0	0	200s	100	1	8012
ms	1341 508	0	0	0	0	200s	100	1	8012
ms	1334 512	0	0	0	0	200s	100	1	8012
ms	1323 517	0	0	0	0	200s	100	1	8012
ms	1308 509	0	0	0	0	200s	100	1	8012
ms	1307 494	0	0	0	0	200s	100	1	8012
ms	1341 488	0	0	0	0	200s	100	1	8012
ms	1358 486	0	0	0	0	200s	100	1	8012
ms	1422 530	0	0	0	0	200s	100	1	8012
ms	1406 505	0	0	0	0	200s	100	1	8012
ms	1211 525	0	0	0	0	200s	100	1	8012
ms	1205 519	0	0	0	0	200s	100	1	8012
ms	1198 506	0	0	0	0	200s	100	1	8012
ms	1195 483	0	0	0	0	200s	100	1	8012
ms	1182 472	0	0	0	0	200s	100	1	8012
ms	1130 496	0	0	0	0	200s	100	1	8012
ms	1163 525	0	0	0	0	200s	100	1	8012
ms	1150 535	0	0	0	0	200s	100	1	8012
ms	1149 552	0	0	0	0	200s	100	1	8012
ms	1138 531	0	0	0	0	200s	100	1	8012
ms	1127 524	0	0	0	0	200s	100	1	8012
ms	1128 510	0	0	0	0	200s	100	1	8012
ms	1143 507	0	0	0	0	200s	100	1	8012
ms	1159 502	0	0	0	0	200s	100	1	8012
ms	1184 501	0	0	0	0	200s	100	1	8012
ms	1169 460	0	0	0	0	200s	100	1	8012
ms	1158 472	0	0	0	0	200s	100	1	8012
ms	1125 486	0	0	0	0	200s	100	1	8012
ms	1135 470	0	0	0	0	200s	100	1	8012
ms	1139 463	0	0	0	0	200s	100	1	8012
ms	1146 454	0	0	0	0	200s	100	1	8012
ms	1174 488	0	0	0	0	200s	100	1	8012
ms	1129 455	0	0	0	0	200s	100	1	8012
ms	1122 449	0	0	0	0	200s	100	1	8012
ms	1110 446	0	0	0	0	200s	100	1	8012
ms	1113 465	0	0	0	0	200s	100	1	8012
ms	1253 710	0	0	0	0	200s	100	1	8012
ms	1253 731	0	0	0	0	200s	100	1	8012
ms	1246 756	0	0	0	0	200s	100	1	8012
ms	1242 778	0	0	0	0	200s	100	1	8012
ms	1266 750	0	0	0	0	200s	100	1	8012
ms	1271 720	0	0	0	0	200s	100	1	8012
ms	1272 698	0	0	0	0	200s	100	1	8012
ms	1247 689	0	0	0	0	200s	100	1	8012
ms	1300 693	0	0	0	0	200s	100	1	8012
ms	1348 702	0	0	0	0	200s	100	1	8012
ms	1378 725	0	0	0	0	200s	100	1	8012
ms	1391 746	0	0	0	0	200s	100	1	8012
ms	1367 750	0	0	0	0	200s	100	1	8012
ms	1358 730	0	0	0	0	200s	100	1	8012
ms	1322 717	0	0	0	0	200s	100	1	8012
ms	1315 732	0	0	0	0	200s	100	1	8012
ms	1363 767	0	0	0	0	200s	100	1	8012
ms	1344 784	0	0	0	0	200s	100	1	8012
ms	1322 783	0	0	0	0	200s	100	1	8012
ms	1304 801	0	0	0	0	200s	100	1	8012
ms	1296 817	0	0	0	0	200s	100	1	8012
ms	1258 828	0	0	0	0	200s	100	1	8012
ms	1234 826	0	0	0	0	200s	100	1	8012
ms	1282 842	0	0	0	0	200s	100	1	8012
ms	1314 832	0	0	0	0	200s	100	1	8012
ms	1346 828	0	0	0	0	200s	100	1	8012
ms	1376 812	0	0	0	0	200s	100	1	8012
ms	1387 798	0	0	0	0	200s	100	1	8012
ms	1378 782	0	0	0	0	200s	100	1	8012
ms	1267 841	0	0	0	0	200s	100	1	8012
ms	1239 863	0	0	0	0	200s	100	1	8024
ms	1266 862	0	0	0	0	200s	100	1	8024
ms	1284 861	0	0	0	0	200s	100	1	8024
ms	1311 861	0	0	0	0	200s	100	1	8024
ms	1316 879	0	0	0	0	200s	100	1	8024
ms	1289 890	0	0	0	0	200s	100	1	8024
ms	1268 903	0	0	0	0	200s	100	1	8024
ms	1304 924	0	0	0	0	200s	100	1	8024
ms	1314 910	0	0	0	0	200s	100	1	8024
ms	1298 897	0	0	0	0	200s	100	1	8024
ms	1330 929	0	0	0	0	200s	100	1	8024
ms	1331 953	0	0	0	0	200s	100	1	8024
ms	1333 982	0	0	0	0	200s	100	1	8024
ms	1315 931	0	0	0	0	200s	100	1	8024
ms	1377 923	0	0	0	0	200s	100	1	8025
ms	1371 953	0	0	0	0	200s	100	1	8025
ms	1365 969	0	0	0	0	200s	100	1	8025
ms	1359 927	0	0	0	0	200s	100	1	8025
ms	1373 906	0	0	0	0	200s	100	1	8025
ms	1392 904	0	0	0	0	200s	100	1	8025
ms	1400 914	0	0	0	0	200s	100	1	8025
ms	1366 935	0	0	0	0	200s	100	1	8025
ms	1358 910	0	0	0	0	200s	100	1	8025
ms	1346 898	0	0	0	0	200s	100	1	8025
ms	1335 876	0	0	0	0	200s	100	1	8025
ms	1395 827	0	0	0	0	200s	100	1	8025
ms	1403 846	0	0	0	0	200s	100	1	8025
ms	1383 966	0	0	0	0	200s	100	1	8025
ms	1251 1337	0	0	0	0	200s	100	1	8026
ms	1222 1335	0	0	0	0	200s	100	1	8026
ms	1205 1342	0	0	0	0	200s	100	1	8026
ms	1237 1322	0	0	0	0	200s	100	1	8026
ms	1238 1337	0	0	0	0	200s	100	1	8026
ms	1207 1347	0	0	0	0	200s	100	1	8026
ms	1205 1368	0	0	0	0	200s	100	1	8026
ms	1248 1375	0	0	0	0	200s	100	1	8026
ms	1265 1377	0	0	0	0	200s	100	1	8026
ms	1245 1389	0	0	0	0	200s	100	1	8026
ms	1215 1376	0	0	0	0	200s	100	1	8026
ms	1267 1354	0	0	0	0	200s	100	1	8026
ms	1291 1358	0	0	0	0	200s	100	1	8026
ms	1329 1368	0	0	0	0	200s	100	1	8026
ms	1353 1363	0	0	0	0	200s	100	1	8026
ms	1330 1382	0	0	0	0	200s	100	1	8026
ms	1300 1386	0	0	0	0	200s	100	1	8026
ms	1296 1387	0	0	0	0	200s	100	1	8026
ms	1283 1378	0	0	0	0	200s	100	1	8026
ms	1263 1386	0	0	0	0	200s	100	1	8026
ms	1268 1404	0	0	0	0	200s	100	1	8026
ms	1269 1414	0	0	0	0	200s	100	1	8026
ms	1232 1355	0	0	0	0	200s	100	1	8026
ms	1225 1343	0	0	0	0	200s	100	1	8026
ms	1347 1381	0	0	0	0	200s	100	1	8026
ms	1341 1172	0	0	0	0	200s	100	1	8008
ms	1332 1155	0	0	0	0	200s	100	1	8008
ms	1362 1162	0	0	0	0	200s	100	1	8008
ms	1368 1184	0	0	0	0	200s	100	1	8008
ms	1360 1202	0	0	0	0	200s	100	1	8008
ms	1368 1231	0	0	0	0	200s	100	1	8008
ms	1379 1197	0	0	0	0	200s	100	1	8008
ms	1385 1242	0	0	0	0	200s	100	1	8008
ms	1417 1219	0	0	0	0	200s	100	1	8008
ms	1416 1270	0	0	0	0	200s	100	1	8008
ms	1431 1193	0	0	0	0	200s	100	1	8008
ms	1398 1165	0	0	0	0	200s	100	1	8008
ms	1399 1133	0	0	0	0	200s	100	1	8008
ms	1384 1126	0	0	0	0	200s	100	1	8008
ms	1386 1181	0	0	0	0	200s	100	1	8008
ms	1410 1197	0	0	0	0	200s	100	1	8008
ms	1394 1215	0	0	0	0	200s	100	1	8008
ms	1406 1235	0	0	0	0	200s	100	1	8008
ms	1342 1133	0	0	0	0	200s	100	1	8008
ms	1315 1132	0	0	0	0	200s	100	1	8008
ms	1119 566	0	0	0	0	200s	100	1	8008
ms	1119 587	0	0	0	0	200s	100	1	8008
ms	1113 612	0	0	0	0	200s	100	1	8008
ms	1106 637	0	0	0	0	200s	100	1	8008
ms	1099 667	0	0	0	0	200s	100	1	8008
ms	1086 690	0	0	0	0	200s	100	1	8008
ms	1083 709	0	0	0	0	200s	100	1	8008
ms	1083 727	0	0	0	0	200s	100	1	8008
ms	1080 743	0	0	0	0	200s	100	1	8008
ms	1063 830	0	0	0	0	200s	100	1	8008
ms	1054 807	0	0	0	0	200s	100	1	8008
ms	1064 807	0	0	0	0	200s	100	1	8008
ms	1085 834	0	0	0	0	200s	100	1	8008
ms	1083 865	0	0	0	0	200s	100	1	8008
ms	1080 882	0	0	0	0	200s	100	1	8008
ms	1109 888	0	0	0	0	200s	100	1	8008
ms	1134 895	0	0	0	0	200s	100	1	8008
ms	1113 937	0	0	0	0	200s	100	1	8008
ms	1092 936	0	0	0	0	200s	100	1	8008
ms	1094 1045	0	0	0	0	200s	100	1	8008
ms	1074 1050	0	0	0	0	200s	100	1	8008
ms	1109 1053	0	0	0	0	200s	100	1	8008
ms	1098 1071	0	0	0	0	200s	100	1	8008
ms	1134 1062	0	0	0	0	200s	100	1	8008
ms	1122 1089	0	0	0	0	200s	100	1	8008
ms	1153 1075	0	0	0	0	200s	100	1	8008
ms	1146 1095	0	0	0	0	200s	100	1	8008
ms	1175 1086	0	0	0	0	200s	100	1	8008
ms	1175 1109	0	0	0	0	200s	100	1	8008
ms	1193 1106	0	0	0	0	200s	100	1	8008
ms	1211 1122	0	0	0	0	200s	100	1	8008
ms	1194 1130	0	0	0	0	200s	100	1	8008
