m	416 898	0	0	0	0	25s	100	1	6401
m	397 895	0	0	0	0	25s	100	1	6401
m	372 899	0	0	0	0	25s	100	1	6401
m	356 902	0	0	0	0	25s	100	1	6401
m	347 896	0	0	0	0	25s	100	1	6401
m	337 881	0	0	0	0	25s	100	1	6401
m	329 871	0	0	0	0	25s	100	1	6401
m	321 859	0	0	0	0	25s	100	1	6401
m	325 860	0	0	0	0	25s	100	1	6401
m	348 878	0	0	0	0	25s	100	1	6401
m	375 882	0	0	0	0	25s	100	1	6401
m	400 883	0	0	0	0	25s	100	1	6401
m	416 878	0	0	0	0	25s	100	1	6401
m	430 869	0	0	0	0	25s	100	1	6401
m	445 857	0	0	0	0	25s	100	1	6401
m	449 850	0	0	0	0	25s	100	1	6401
m	451 840	0	0	0	0	25s	100	1	6401
m	460 823	0	0	0	0	25s	100	1	6401
m	473 816	0	0	0	0	25s	100	1	6401
m	486 810	0	0	0	0	25s	100	1	6401
m	497 805	0	0	0	0	25s	100	1	6401
m	508 794	0	0	0	0	25s	100	1	6401
m	518 784	0	0	0	0	25s	100	1	6401
m	527 768	0	0	0	0	25s	100	1	6401
m	535 746	0	0	0	0	25s	100	1	6401
m	541 733	0	0	0	0	25s	100	1	6401
m	547 723	0	0	0	0	25s	100	1	6401
m	558 716	0	0	0	0	25s	100	1	6401
m	580 726	0	0	0	0	25s	100	1	6401
m	571 749	0	0	0	0	25s	100	1	6401
m	542 780	0	0	0	0	25s	100	1	6401
m	532 804	0	0	0	0	25s	100	1	6401
m	551 752	0	0	0	0	25s	100	1	6401
m	562 747	0	0	0	0	25s	100	1	6401
m	558 789	0	0	0	0	25s	100	1	6401
m	579 771	0	0	0	0	25s	100	1	6401
m	584 778	0	0	0	0	25s	100	1	6401
m	574 759	0	0	0	0	25s	100	1	6401
m	583 743	0	0	0	0	25s	100	1	6401
m	577 711	0	0	0	0	25s	100	1	6401
m	590 744	0	0	0	0	25s	100	1	6401
m	593 768	0	0	0	0	25s	100	1	6401
m	578 710	0	0	0	0	25s	100	1	6401
m	581 698	0	0	0	0	25s	100	1	6401
m	587 680	0	0	0	0	25s	100	1	6401
m	595 662	0	0	0	0	25s	100	1	6401
m	602 646	0	0	0	0	25s	100	1	6401
m	607 631	0	0	0	0	25s	100	1	6401
m	616 613	0	0	0	0	25s	100	1	6401
m	625 600	0	0	0	0	25s	100	1	6401
m	631 573	0	0	0	0	25s	100	1	6401
m	620 583	0	0	0	0	25s	100	1	6401
m	600 613	0	0	0	0	25s	100	1	6401
m	628 570	0	0	0	0	25s	100	1	6401
m	583 605	0	0	0	0	25s	100	1	6401
m	596 564	0	0	0	0	25s	100	1	6401
m	590 598	0	0	0	0	25s	100	1	6401
m	617 568	0	0	0	0	25s	100	1	6401
m	575 581	0	0	0	0	25s	100	1	6401
m	612 565	0	0	0	0	25s	100	1	6401
m	607 586	0	0	0	0	25s	100	1	6401
m	563 556	0	0	0	0	25s	100	1	6401
m	599 568	0	0	0	0	25s	100	1	6401
m	562 557	0	0	0	0	25s	100	1	6401
m	544 568	0	0	0	0	25s	100	1	6401
m	536 536	0	0	0	0	25s	100	1	6401
m	565 518	0	0	0	0	25s	100	1	6401
m	586 553	0	0	0	0	25s	100	1	6401
m	603 583	0	0	0	0	25s	100	1	6401
m	550 552	0	0	0	0	25s	100	1	6401
m	514 531	0	0	0	0	25s	100	1	6401
m	531 522	0	0	0	0	25s	100	1	6401
m	570 554	0	0	0	0	25s	100	1	6401
m	585 579	0	0	0	0	25s	100	1	6401
m	524 517	0	0	0	0	25s	100	1	6401
m	555 510	0	0	0	0	25s	100	1	6401
m	572 509	0	0	0	0	25s	100	1	6401
m	566 555	0	0	0	0	25s	100	1	6401
m	552 524	0	0	0	0	25s	100	1	6401
m	584 560	0	0	0	0	25s	100	1	6401
m	559 723	0	0	0	0	25s	100	1	6401
m	529 751	0	0	0	0	25s	100	1	6401
m	558 778	0	0	0	0	25s	100	1	6401
m	589 749	0	0	0	0	25s	100	1	6401
m	341 884	0	0	0	0	25s	100	1	6401
m	325 857	0	0	0	0	25s	100	1	6401
m	310 821	0	0	0	0	25s	100	1	6401
m	298 794	0	0	0	0	25s	100	1	6401
m	297 804	0	0	0	0	25s	100	1	6401
m	323 864	0	0	0	0	25s	100	1	6401
m	289 811	0	0	0	0	25s	100	1	6401
m	273 783	0	0	0	0	25s	100	1	6401
m	323 852	0	0	0	0	25s	100	1	6401
m	325 858	0	0	0	0	25s	100	1	6401
m	258 760	0	0	0	0	25s	100	1	6401
m	216 735	0	0	0	0	25s	100	1	6401
m	193 707	0	0	0	0	25s	100	1	6401
m	206 642	0	0	0	0	25s	100	1	6401
m	219 617	0	0	0	0	25s	100	1	6401
m	224 721	0	0	0	0	25s	100	1	6401
m	191 680	0	0	0	0	25s	100	1	6401
m	206 631	0	0	0	0	25s	100	1	6401
m	211 701	0	0	0	0	25s	100	1	6401
m	209 654	0	0	0	0	25s	100	1	6401
m	226 676	0	0	0	0	25s	100	1	6401
m	213 706	0	0	0	0	25s	100	1	6401
m	230 635	0	0	0	0	25s	100	1	6401
m	183 710	0	0	0	0	25s	100	1	6401
m	172 682	0	0	0	0	25s	100	1	6401
m	207 633	0	0	0	0	25s	100	1	6401
m	155 691	0	0	0	0	25s	100	1	6401
m	221 633	0	0	0	0	25s	100	1	6401
m	236 672	0	0	0	0	25s	100	1	6401
m	172 608	0	0	0	0	25s	100	1	6401
m	143 686	0	0	0	0	25s	100	1	6401
m	143 633	0	0	0	0	25s	100	1	6401
m	196 650	0	0	0	0	25s	100	1	6401
m	176 668	0	0	0	0	25s	100	1	6401
m	168 631	0	0	0	0	25s	100	1	6401
m	145 682	0	0	0	0	25s	100	1	6401
m	149 588	0	0	0	0	25s	100	1	6401
m	202 646	0	0	0	0	25s	100	1	6401
m	179 673	0	0	0	0	25s	100	1	6401
m	139 626	0	0	0	0	25s	100	1	6401
m	181 673	0	0	0	0	25s	100	1	6401
m	148 617	0	0	0	0	25s	100	1	6401
m	122 600	0	0	0	0	25s	100	1	6401
m	172 595	0	0	0	0	25s	100	1	6401
m	177 644	0	0	0	0	25s	100	1	6401
m	153 635	0	0	0	0	25s	100	1	6401
m	172 631	0	0	0	0	25s	100	1	6401
m	182 669	0	0	0	0	25s	100	1	6401
m	115 656	0	0	0	0	25s	100	1	6401
m	175 610	0	0	0	0	25s	100	1	6401
m	179 687	0	0	0	0	25s	100	1	6401
m	146 643	0	0	0	0	25s	100	1	6401
m	171 646	0	0	0	0	25s	100	1	6401
m	209 614	0	0	0	0	25s	100	1	6401
m	222 614	0	0	0	0	25s	100	1	6401
m	151 630	0	0	0	0	25s	100	1	6401
m	199 623	0	0	0	0	25s	100	1	6401
m	215 613	0	0	0	0	25s	100	1	6401
m	180 646	0	0	0	0	25s	100	1	6401
m	193 673	0	0	0	0	25s	100	1	6401
m	153 628	0	0	0	0	25s	100	1	6401
m	231 670	0	0	0	0	25s	100	1	6401
m	195 615	0	0	0	0	25s	100	1	6401
m	150 582	0	0	0	0	25s	100	1	6401
m	158 674	0	0	0	0	25s	100	1	6401
m	189 658	0	0	0	0	25s	100	1	6401
m	230 689	0	0	0	0	25s	100	1	6401
m	193 644	0	0	0	0	25s	100	1	6401
m	557 769	0	0	0	0	25s	100	1	6401
m	568 712	0	0	0	0	25s	100	1	6401
m	562 742	0	0	0	0	25s	100	1	6401
m	514 791	0	0	0	0	25s	100	1	6401
m	566 746	0	0	0	0	25s	100	1	6401
m	581 748	0	0	0	0	25s	100	1	6401
m	510 780	0	0	0	0	25s	100	1	6401
m	559 783	0	0	0	0	25s	100	1	6401
m	611 750	0	0	0	0	25s	100	1	6401
m	591 699	0	0	0	0	25s	100	1	6401
m	596 623	0	0	0	0	25s	100	1	6401
m	608 596	0	0	0	0	25s	100	1	6401
m	625 577	0	0	0	0	25s	100	1	6401
m	620 559	0	0	0	0	25s	100	1	6401
m	608 552	0	0	0	0	25s	100	1	6401
m	551 541	0	0	0	0	25s	100	1	6401
m	505 525	0	0	0	0	25s	100	1	6401
m	493 520	0	0	0	0	25s	100	1	6401
m	553 530	0	0	0	0	25s	100	1	6401
m	572 568	0	0	0	0	25s	100	1	6401
m	563 510	0	0	0	0	25s	100	1	6401
m	543 517	0	0	0	0	25s	100	1	6401
m	559 580	0	0	0	0	25s	100	1	6401
m	589 574	0	0	0	0	25s	100	1	6401
m	594 621	0	0	0	0	25s	100	1	6401
m	579 686	0	0	0	0	25s	100	1	6401
m	567 737	0	0	0	0	25s	100	1	6401
m	554 749	0	0	0	0	25s	100	1	6401
m	540 788	0	0	0	0	25s	100	1	6401
m	383 898	0	0	0	0	25s	100	1	6401
m	369 894	0	0	0	0	25s	100	1	6401
m	337 863	0	0	0	0	25s	100	1	6401
m	287 824	0	0	0	0	25s	100	1	6401
m	275 801	0	0	0	0	25s	100	1	6401
m	277 789	0	0	0	0	25s	100	1	6401
m	280 777	0	0	0	0	25s	100	1	6401
m	271 757	0	0	0	0	25s	100	1	6401
m	255 742	0	0	0	0	25s	100	1	6401
m	237 726	0	0	0	0	25s	100	1	6401
m	222 705	0	0	0	0	25s	100	1	6401
m	218 666	0	0	0	0	25s	100	1	6401
m	237 647	0	0	0	0	25s	100	1	6401
m	235 621	0	0	0	0	25s	100	1	6401
m	194 603	0	0	0	0	25s	100	1	6401
m	178 587	0	0	0	0	25s	100	1	6401
m	139 564	0	0	0	0	25s	100	1	6401
m	138 582	0	0	0	0	25s	100	1	6401
m	131 616	0	0	0	0	25s	100	1	6401
m	178 594	0	0	0	0	25s	100	1	6401
m	196 475	0	0	0	0	25s	100	1	6401
m	154 463	0	0	0	0	25s	100	1	6401
m	111 455	0	0	0	0	25s	100	1	6401
m	105 502	0	0	0	0	25s	100	1	6401
m	109 476	0	0	0	0	25s	100	1	6401
m	89 409	0	0	0	0	25s	100	1	6401
m	114 435	0	0	0	0	25s	100	1	6401
m	122 463	0	0	0	0	25s	100	1	6401
m	95 395	0	0	0	0	25s	100	1	6401
m	152 456	0	0	0	0	25s	100	1	6401
m	104 414	0	0	0	0	25s	100	1	6401
m	111 469	0	0	0	0	25s	100	1	6401
m	120 457	0	0	0	0	25s	100	1	6401
m	142 445	0	0	0	0	25s	100	1	6401
m	125 443	0	0	0	0	25s	100	1	6401
m	128 485	0	0	0	0	25s	100	1	6401
m	99 431	0	0	0	0	25s	100	1	6401
m	123 509	0	0	0	0	25s	100	1	6401
m	135 425	0	0	0	0	25s	100	1	6401
m	192 471	0	0	0	0	25s	100	1	6401
m	239 481	0	0	0	0	25s	100	1	6401
m	266 488	0	0	0	0	25s	100	1	6401
m	284 473	0	0	0	0	25s	100	1	6401
m	241 516	0	0	0	0	25s	100	1	6401
m	274 460	0	0	0	0	25s	100	1	6401
m	288 472	0	0	0	0	25s	100	1	6401
m	291 436	0	0	0	0	25s	100	1	6401
m	312 392	0	0	0	0	25s	100	1	6401
m	327 420	0	0	0	0	25s	100	1	6401
m	322 449	0	0	0	0	25s	100	1	6401
m	324 391	0	0	0	0	25s	100	1	6401
m	325 393	0	0	0	0	25s	100	1	6401
m	325 343	0	0	0	0	25s	100	1	6401
m	377 351	0	0	0	0	25s	100	1	6401
m	420 392	0	0	0	0	25s	100	1	6401
m	367 429	0	0	0	0	25s	100	1	6401
m	335 385	0	0	0	0	25s	100	1	6401
m	416 389	0	0	0	0	25s	100	1	6401
m	415 433	0	0	0	0	25s	100	1	6401
m	414 359	0	0	0	0	25s	100	1	6401
m	451 349	0	0	0	0	25s	100	1	6401
m	484 346	0	0	0	0	25s	100	1	6401
m	521 375	0	0	0	0	25s	100	1	6401
m	493 432	0	0	0	0	25s	100	1	6401
m	409 411	0	0	0	0	25s	100	1	6401
m	487 352	0	0	0	0	25s	100	1	6401
m	514 364	0	0	0	0	25s	100	1	6401
m	476 426	0	0	0	0	25s	100	1	6401
m	427 409	0	0	0	0	25s	100	1	6401
m	483 349	0	0	0	0	25s	100	1	6401
m	495 414	0	0	0	0	25s	100	1	6401
m	408 371	0	0	0	0	25s	100	1	6401
m	522 343	0	0	0	0	25s	100	1	6401
m	567 355	0	0	0	0	25s	100	1	6401
m	593 360	0	0	0	0	25s	100	1	6401
m	622 378	0	0	0	0	25s	100	1	6401
m	619 441	0	0	0	0	25s	100	1	6401
m	586 525	0	0	0	0	25s	100	1	6401
m	599 535	0	0	0	0	25s	100	1	6401
m	619 463	0	0	0	0	25s	100	1	6401
m	622 450	0	0	0	0	25s	100	1	6401
m	644 412	0	0	0	0	25s	100	1	6401
m	662 405	0	0	0	0	25s	100	1	6401
m	676 449	0	0	0	0	25s	100	1	6401
m	643 412	0	0	0	0	25s	100	1	6401
m	672 410	0	0	0	0	25s	100	1	6401
m	615 377	0	0	0	0	25s	100	1	6401
m	662 428	0	0	0	0	25s	100	1	6401
m	628 398	0	0	0	0	25s	100	1	6401
m	651 429	0	0	0	0	25s	100	1	6401
m	647 402	0	0	0	0	25s	100	1	6401
m	661 392	0	0	0	0	25s	100	1	6401
m	622 369	0	0	0	0	25s	100	1	6401
m	623 396	0	0	0	0	25s	100	1	6401
m	637 426	0	0	0	0	25s	100	1	6401
m	583 381	0	0	0	0	25s	100	1	6401
m	668 447	0	0	0	0	25s	100	1	6401
m	621 359	0	0	0	0	25s	100	1	6401
m	559 357	0	0	0	0	25s	100	1	6401
m	500 349	0	0	0	0	25s	100	1	6401
m	491 433	0	0	0	0	25s	100	1	6401
m	518 361	0	0	0	0	25s	100	1	6401
m	515 364	0	0	0	0	25s	100	1	6401
m	369 321	0	0	0	0	25s	100	1	6401
m	329 411	0	0	0	0	25s	100	1	6401
m	447 393	0	0	0	0	25s	100	1	6401
m	394 389	0	0	0	0	25s	100	1	6401
m	404 369	0	0	0	0	25s	100	1	6401
m	385 363	0	0	0	0	25s	100	1	6401
m	314 345	0	0	0	0	25s	100	1	6401
m	315 329	0	0	0	0	25s	100	1	6401
m	308 297	0	0	0	0	25s	100	1	6401
m	299 274	0	0	0	0	25s	100	1	6401
m	289 264	0	0	0	0	25s	100	1	6401
m	322 350	0	0	0	0	25s	100	1	6401
m	298 298	0	0	0	0	25s	100	1	6401
m	296 308	0	0	0	0	25s	100	1	6401
m	312 316	0	0	0	0	25s	100	1	6401
m	319 342	0	0	0	0	25s	100	1	6401
m	283 257	0	0	0	0	25s	100	1	6401
m	322 356	0	0	0	0	25s	100	1	6401
m	299 293	0	0	0	0	25s	100	1	6401
m	306 295	0	0	0	0	25s	100	1	6401
m	312 376	0	0	0	0	25s	100	1	6401
m	318 440	0	0	0	0	25s	100	1	6401
m	313 448	0	0	0	0	25s	100	1	6401
m	287 473	0	0	0	0	25s	100	1	6401
m	347 439	0	0	0	0	25s	100	1	6401
m	345 435	0	0	0	0	25s	100	1	6401
m	374 425	0	0	0	0	25s	100	1	6401
m	410 422	0	0	0	0	25s	100	1	6401
m	386 416	0	0	0	0	25s	100	1	6401
m	418 404	0	0	0	0	25s	100	1	6401
m	417 389	0	0	0	0	25s	100	1	6401
m	402 385	0	0	0	0	25s	100	1	6401
m	444 369	0	0	0	0	25s	100	1	6401
m	492 360	0	0	0	0	25s	100	1	6401
m	514 380	0	0	0	0	25s	100	1	6401
m	496 411	0	0	0	0	25s	100	1	6401
m	539 378	0	0	0	0	25s	100	1	6401
m	606 384	0	0	0	0	25s	100	1	6401
m	653 391	0	0	0	0	25s	100	1	6401
m	664 410	0	0	0	0	25s	100	1	6401
m	580 477	0	0	0	0	25s	100	1	6401
m	553 514	0	0	0	0	25s	100	1	6401
m	541 516	0	0	0	0	25s	100	1	6401
m	541 563	0	0	0	0	25s	100	1	6401
m	570 563	0	0	0	0	25s	100	1	6401
m	623 557	0	0	0	0	25s	100	1	6401
m	138 664	0	0	0	0	25s	100	1	6401
m	162 658	0	0	0	0	25s	100	1	6401
m	188 619	0	0	0	0	25s	100	1	6401
m	155 593	0	0	0	0	25s	100	1	6401
m	115 462	0	0	0	0	25s	100	1	6401
m	105 430	0	0	0	0	25s	100	1	6401
m	97 404	0	0	0	0	25s	100	1	6401
m	103 331	0	0	0	0	25s	100	1	6401
m	97 291	0	0	0	0	25s	100	1	6401
m	91 281	0	0	0	0	25s	100	1	6401
m	113 333	0	0	0	0	25s	100	1	6401
m	77 273	0	0	0	0	25s	100	1	6401
m	88 249	0	0	0	0	25s	100	1	6401
m	109 237	0	0	0	0	25s	100	1	6401
m	88 215	0	0	0	0	25s	100	1	6401
m	127 234	0	0	0	0	25s	100	1	6401
m	89 235	0	0	0	0	25s	100	1	6401
m	79 219	0	0	0	0	25s	100	1	6401
m	153 300	0	0	0	0	25s	100	1	6401
m	187 316	0	0	0	0	25s	100	1	6401
m	186 300	0	0	0	0	25s	100	1	6401
m	142 291	0	0	0	0	25s	100	1	6401
m	183 283	0	0	0	0	25s	100	1	6401
m	208 279	0	0	0	0	25s	100	1	6401
m	241 271	0	0	0	0	25s	100	1	6401
m	255 262	0	0	0	0	25s	100	1	6401
m	271 241	0	0	0	0	25s	100	1	6401
m	255 246	0	0	0	0	25s	100	1	6401
m	215 266	0	0	0	0	25s	100	1	6401
m	256 247	0	0	0	0	25s	100	1	6401
m	257 251	0	0	0	0	25s	100	1	6401
m	251 239	0	0	0	0	25s	100	1	6401
m	320 201	0	0	0	0	25s	100	1	6401
m	348 139	0	0	0	0	25s	100	1	6401
m	383 95	0	0	0	0	25s	100	1	6401
m	394 103	0	0	0	0	25s	100	1	6401
m	345 157	0	0	0	0	25s	100	1	6401
m	392 104	0	0	0	0	25s	100	1	6401
m	346 162	0	0	0	0	25s	100	1	6401
m	375 126	0	0	0	0	25s	100	1	6401
m	337 177	0	0	0	0	25s	100	1	6401
m	392 100	0	0	0	0	25s	100	1	6401
m	357 155	0	0	0	0	25s	100	1	6401
m	367 167	0	0	0	0	25s	100	1	6401
m	409 109	0	0	0	0	25s	100	1	6401
m	387 122	0	0	0	0	25s	100	1	6401
m	344 116	0	0	0	0	25s	100	1	6401
m	387 123	0	0	0	0	25s	100	1	6401
m	383 169	0	0	0	0	25s	100	1	6401
m	356 101	0	0	0	0	25s	100	1	6401
m	379 115	0	0	0	0	25s	100	1	6401
m	353 148	0	0	0	0	25s	100	1	6401
m	383 117	0	0	0	0	25s	100	1	6401
m	386 145	0	0	0	0	25s	100	1	6401
m	364 135	0	0	0	0	25s	100	1	6401
m	305 133	0	0	0	0	25s	100	1	6401
m	267 133	0	0	0	0	25s	100	1	6401
m	232 128	0	0	0	0	25s	100	1	6401
m	238 127	0	0	0	0	25s	100	1	6401
m	302 144	0	0	0	0	25s	100	1	6401
m	321 133	0	0	0	0	25s	100	1	6401
m	234 110	0	0	0	0	25s	100	1	6401
m	220 108	0	0	0	0	25s	100	1	6401
m	265 134	0	0	0	0	25s	100	1	6401
m	311 140	0	0	0	0	25s	100	1	6401
m	375 146	0	0	0	0	25s	100	1	6401
m	342 193	0	0	0	0	25s	100	1	6401
m	324 185	0	0	0	0	25s	100	1	6401
m	335 154	0	0	0	0	25s	100	1	6401
m	367 105	0	0	0	0	25s	100	1	6401
m	399 86	0	0	0	0	25s	100	1	6401
m	396 128	0	0	0	0	25s	100	1	6401
m	382 136	0	0	0	0	25s	100	1	6401
m	447 90	0	0	0	0	25s	100	1	6401
m	492 82	0	0	0	0	25s	100	1	6401
m	537 84	0	0	0	0	25s	100	1	6401
m	587 98	0	0	0	0	25s	100	1	6401
m	602 130	0	0	0	0	25s	100	1	6401
m	608 95	0	0	0	0	25s	100	1	6401
m	587 120	0	0	0	0	25s	100	1	6401
m	583 88	0	0	0	0	25s	100	1	6401
m	584 101	0	0	0	0	25s	100	1	6401
m	584 98	0	0	0	0	25s	100	1	6401
m	567 75	0	0	0	0	25s	100	1	6401
m	537 72	0	0	0	0	25s	100	1	6401
m	619 82	0	0	0	0	25s	100	1	6401
m	549 81	0	0	0	0	25s	100	1	6401
m	464 71	0	0	0	0	25s	100	1	6401
m	511 88	0	0	0	0	25s	100	1	6401
m	519 80	0	0	0	0	25s	100	1	6401
m	432 85	0	0	0	0	25s	100	1	6401
m	422 91	0	0	0	0	25s	100	1	6401
m	554 75	0	0	0	0	25s	100	1	6401
m	597 80	0	0	0	0	25s	100	1	6401
m	456 91	0	0	0	0	25s	100	1	6401
m	420 97	0	0	0	0	25s	100	1	6401
m	404 883	0	0	0	0	25s	100	1	6402
m	415 882	0	0	0	0	25s	100	1	6402
m	442 863	0	0	0	0	25s	100	1	6402
m	453 843	0	0	0	0	25s	100	1	6402
m	466 822	0	0	0	0	25s	100	1	6402
m	485 804	0	0	0	0	25s	100	1	6402
m	506 783	0	0	0	0	25s	100	1	6402
m	533 757	0	0	0	0	25s	100	1	6402
m	551 719	0	0	0	0	25s	100	1	6402
m	560 702	0	0	0	0	25s	100	1	6402
m	536 785	0	0	0	0	25s	100	1	6402
m	557 706	0	0	0	0	25s	100	1	6402
m	543 774	0	0	0	0	25s	100	1	6402
m	577 756	0	0	0	0	25s	100	1	6402
m	593 714	0	0	0	0	25s	100	1	6402
m	575 781	0	0	0	0	25s	100	1	6402
m	576 784	0	0	0	0	25s	100	1	6402
m	578 757	0	0	0	0	25s	100	1	6402
m	561 687	0	0	0	0	25s	100	1	6402
m	548 792	0	0	0	0	25s	100	1	6402
m	582 724	0	0	0	0	25s	100	1	6402
m	555 729	0	0	0	0	25s	100	1	6402
m	564 725	0	0	0	0	25s	100	1	6402
m	559 726	0	0	0	0	25s	100	1	6402
m	568 778	0	0	0	0	25s	100	1	6402
m	587 767	0	0	0	0	25s	100	1	6402
m	546 696	0	0	0	0	25s	100	1	6402
m	568 647	0	0	0	0	25s	100	1	6402
m	594 629	0	0	0	0	25s	100	1	6402
m	606 608	0	0	0	0	25s	100	1	6402
m	597 715	0	0	0	0	25s	100	1	6402
m	609 599	0	0	0	0	25s	100	1	6402
m	597 644	0	0	0	0	25s	100	1	6402
m	633 570	0	0	0	0	25s	100	1	6402
m	604 585	0	0	0	0	25s	100	1	6402
m	595 591	0	0	0	0	25s	100	1	6402
m	564 578	0	0	0	0	25s	100	1	6402
m	624 588	0	0	0	0	25s	100	1	6402
m	569 567	0	0	0	0	25s	100	1	6402
m	577 582	0	0	0	0	25s	100	1	6402
m	536 517	0	0	0	0	25s	100	1	6402
m	559 523	0	0	0	0	25s	100	1	6402
m	551 567	0	0	0	0	25s	100	1	6402
m	484 508	0	0	0	0	25s	100	1	6402
m	573 530	0	0	0	0	25s	100	1	6402
m	567 530	0	0	0	0	25s	100	1	6402
m	561 541	0	0	0	0	25s	100	1	6402
m	540 522	0	0	0	0	25s	100	1	6402
m	455 923	0	0	0	0	25s	100	1	6402
m	407 907	0	0	0	0	25s	100	1	6402
m	373 896	0	0	0	0	25s	100	1	6402
m	346 884	0	0	0	0	25s	100	1	6402
m	437 886	0	0	0	0	25s	100	1	6402
m	441 908	0	0	0	0	25s	100	1	6402
m	373 879	0	0	0	0	25s	100	1	6402
m	327 874	0	0	0	0	25s	100	1	6402
m	305 845	0	0	0	0	25s	100	1	6402
m	295 817	0	0	0	0	25s	100	1	6402
m	285 791	0	0	0	0	25s	100	1	6402
m	264 757	0	0	0	0	25s	100	1	6402
m	269 783	0	0	0	0	25s	100	1	6402
m	297 829	0	0	0	0	25s	100	1	6402
m	256 749	0	0	0	0	25s	100	1	6402
m	324 849	0	0	0	0	25s	100	1	6402
m	332 937	0	0	0	0	25s	100	1	6402
m	284 733	0	0	0	0	25s	100	1	6402
m	301 851	0	0	0	0	25s	100	1	6402
m	314 865	0	0	0	0	25s	100	1	6402
m	285 774	0	0	0	0	25s	100	1	6402
m	229 707	0	0	0	0	25s	100	1	6402
m	201 707	0	0	0	0	25s	100	1	6402
m	246 661	0	0	0	0	25s	100	1	6402
m	193 694	0	0	0	0	25s	100	1	6402
m	206 657	0	0	0	0	25s	100	1	6402
m	179 649	0	0	0	0	25s	100	1	6402
m	198 670	0	0	0	0	25s	100	1	6402
m	174 610	0	0	0	0	25s	100	1	6402
m	257 655	0	0	0	0	25s	100	1	6402
m	171 657	0	0	0	0	25s	100	1	6402
m	179 624	0	0	0	0	25s	100	1	6402
m	195 696	0	0	0	0	25s	100	1	6402
m	141 630	0	0	0	0	25s	100	1	6402
m	197 618	0	0	0	0	25s	100	1	6402
m	198 681	0	0	0	0	25s	100	1	6402
m	129 623	0	0	0	0	25s	100	1	6402
m	221 622	0	0	0	0	25s	100	1	6402
m	202 696	0	0	0	0	25s	100	1	6402
m	154 621	0	0	0	0	25s	100	1	6402
m	198 672	0	0	0	0	25s	100	1	6402
m	175 572	0	0	0	0	25s	100	1	6402
m	156 615	0	0	0	0	25s	100	1	6402
m	164 585	0	0	0	0	25s	100	1	6402
m	146 616	0	0	0	0	25s	100	1	6402
m	117 493	0	0	0	0	25s	100	1	6402
m	100 469	0	0	0	0	25s	100	1	6402
m	92 437	0	0	0	0	25s	100	1	6402
m	139 451	0	0	0	0	25s	100	1	6402
m	195 474	0	0	0	0	25s	100	1	6402
m	117 452	0	0	0	0	25s	100	1	6402
m	112 445	0	0	0	0	25s	100	1	6402
m	134 447	0	0	0	0	25s	100	1	6402
m	120 442	0	0	0	0	25s	100	1	6402
m	90 392	0	0	0	0	25s	100	1	6402
m	141 466	0	0	0	0	25s	100	1	6402
m	188 487	0	0	0	0	25s	100	1	6402
m	206 491	0	0	0	0	25s	100	1	6402
m	224 487	0	0	0	0	25s	100	1	6402
m	256 485	0	0	0	0	25s	100	1	6402
m	294 487	0	0	0	0	25s	100	1	6402
m	297 467	0	0	0	0	25s	100	1	6402
m	298 446	0	0	0	0	25s	100	1	6402
m	304 426	0	0	0	0	25s	100	1	6402
m	311 402	0	0	0	0	25s	100	1	6402
m	315 373	0	0	0	0	25s	100	1	6402
m	322 356	0	0	0	0	25s	100	1	6402
m	350 339	0	0	0	0	25s	100	1	6402
m	353 353	0	0	0	0	25s	100	1	6402
m	329 384	0	0	0	0	25s	100	1	6402
m	344 354	0	0	0	0	25s	100	1	6402
m	364 361	0	0	0	0	25s	100	1	6402
m	413 381	0	0	0	0	25s	100	1	6402
m	421 398	0	0	0	0	25s	100	1	6402
m	377 415	0	0	0	0	25s	100	1	6402
m	331 427	0	0	0	0	25s	100	1	6402
m	401 419	0	0	0	0	25s	100	1	6402
m	411 387	0	0	0	0	25s	100	1	6402
m	450 419	0	0	0	0	25s	100	1	6402
m	428 396	0	0	0	0	25s	100	1	6402
m	442 357	0	0	0	0	25s	100	1	6402
m	473 340	0	0	0	0	25s	100	1	6402
m	501 368	0	0	0	0	25s	100	1	6402
m	471 416	0	0	0	0	25s	100	1	6402
m	427 373	0	0	0	0	25s	100	1	6402
m	493 335	0	0	0	0	25s	100	1	6402
m	518 373	0	0	0	0	25s	100	1	6402
m	452 416	0	0	0	0	25s	100	1	6402
m	432 352	0	0	0	0	25s	100	1	6402
m	515 341	0	0	0	0	25s	100	1	6402
m	545 351	0	0	0	0	25s	100	1	6402
m	589 363	0	0	0	0	25s	100	1	6402
m	620 370	0	0	0	0	25s	100	1	6402
m	644 411	0	0	0	0	25s	100	1	6402
m	652 428	0	0	0	0	25s	100	1	6402
m	674 412	0	0	0	0	25s	100	1	6402
m	631 393	0	0	0	0	25s	100	1	6402
m	614 379	0	0	0	0	25s	100	1	6402
m	621 369	0	0	0	0	25s	100	1	6402
m	631 304	0	0	0	0	25s	100	1	6402
m	636 286	0	0	0	0	25s	100	1	6402
m	641 276	0	0	0	0	25s	100	1	6402
m	600 261	0	0	0	0	25s	100	1	6402
m	658 270	0	0	0	0	25s	100	1	6402
m	609 265	0	0	0	0	25s	100	1	6402
m	650 279	0	0	0	0	25s	100	1	6402
m	605 258	0	0	0	0	25s	100	1	6402
m	665 257	0	0	0	0	25s	100	1	6402
m	692 236	0	0	0	0	25s	100	1	6402
m	696 237	0	0	0	0	25s	100	1	6402
m	682 227	0	0	0	0	25s	100	1	6402
m	672 232	0	0	0	0	25s	100	1	6402
m	291 253	0	0	0	0	25s	100	1	6402
m	264 251	0	0	0	0	25s	100	1	6402
m	193 273	0	0	0	0	25s	100	1	6402
m	131 297	0	0	0	0	25s	100	1	6402
m	103 308	0	0	0	0	25s	100	1	6402
m	85 259	0	0	0	0	25s	100	1	6402
m	63 227	0	0	0	0	25s	100	1	6402
m	101 240	0	0	0	0	25s	100	1	6402
m	95 230	0	0	0	0	25s	100	1	6402
m	109 261	0	0	0	0	25s	100	1	6402
m	83 206	0	0	0	0	25s	100	1	6402
m	94 239	0	0	0	0	25s	100	1	6402
m	107 228	0	0	0	0	25s	100	1	6402
m	112 234	0	0	0	0	25s	100	1	6402
m	99 223	0	0	0	0	25s	100	1	6402
m	99 317	0	0	0	0	25s	100	1	6402
m	110 323	0	0	0	0	25s	100	1	6402
m	98 280	0	0	0	0	25s	100	1	6402
m	93 282	0	0	0	0	25s	100	1	6402
m	95 316	0	0	0	0	25s	100	1	6402
m	131 332	0	0	0	0	25s	100	1	6402
m	203 282	0	0	0	0	25s	100	1	6402
m	245 265	0	0	0	0	25s	100	1	6402
m	278 229	0	0	0	0	25s	100	1	6402
m	300 203	0	0	0	0	25s	100	1	6402
m	331 183	0	0	0	0	25s	100	1	6402
m	350 156	0	0	0	0	25s	100	1	6402
m	355 140	0	0	0	0	25s	100	1	6402
m	310 138	0	0	0	0	25s	100	1	6402
m	259 136	0	0	0	0	25s	100	1	6402
m	241 127	0	0	0	0	25s	100	1	6402
m	280 133	0	0	0	0	25s	100	1	6402
m	320 137	0	0	0	0	25s	100	1	6402
m	355 113	0	0	0	0	25s	100	1	6402
m	417 102	0	0	0	0	25s	100	1	6402
m	431 103	0	0	0	0	25s	100	1	6402
m	379 176	0	0	0	0	25s	100	1	6402
m	353 153	0	0	0	0	25s	100	1	6402
m	396 116	0	0	0	0	25s	100	1	6402
m	464 88	0	0	0	0	25s	100	1	6402
m	496 82	0	0	0	0	25s	100	1	6402
m	582 82	0	0	0	0	25s	100	1	6402
m	591 108	0	0	0	0	25s	100	1	6402
m	592 104	0	0	0	0	25s	100	1	6402
m	553 746	0	0	0	0	25s	100	1	6403
m	544 714	0	0	0	0	25s	100	1	6403
m	525 789	0	0	0	0	25s	100	1	6403
m	572 714	0	0	0	0	25s	100	1	6403
m	567 770	0	0	0	0	25s	100	1	6403
m	573 704	0	0	0	0	25s	100	1	6403
m	534 778	0	0	0	0	25s	100	1	6403
m	574 755	0	0	0	0	25s	100	1	6403
m	562 722	0	0	0	0	25s	100	1	6403
m	582 758	0	0	0	0	25s	100	1	6403
m	556 737	0	0	0	0	25s	100	1	6403
m	582 796	0	0	0	0	25s	100	1	6403
m	558 698	0	0	0	0	25s	100	1	6403
m	565 719	0	0	0	0	25s	100	1	6403
m	593 651	0	0	0	0	25s	100	1	6403
m	623 599	0	0	0	0	25s	100	1	6403
m	640 566	0	0	0	0	25s	100	1	6403
m	595 600	0	0	0	0	25s	100	1	6403
m	627 574	0	0	0	0	25s	100	1	6403
m	584 576	0	0	0	0	25s	100	1	6403
m	592 588	0	0	0	0	25s	100	1	6403
m	575 544	0	0	0	0	25s	100	1	6403
m	564 574	0	0	0	0	25s	100	1	6403
m	516 506	0	0	0	0	25s	100	1	6403
m	535 551	0	0	0	0	25s	100	1	6403
m	522 506	0	0	0	0	25s	100	1	6403
m	506 546	0	0	0	0	25s	100	1	6403
m	547 534	0	0	0	0	25s	100	1	6403
m	560 531	0	0	0	0	25s	100	1	6403
m	573 499	0	0	0	0	25s	100	1	6403
m	593 483	0	0	0	0	25s	100	1	6403
m	625 453	0	0	0	0	25s	100	1	6403
m	643 419	0	0	0	0	25s	100	1	6403
m	659 415	0	0	0	0	25s	100	1	6403
m	660 444	0	0	0	0	25s	100	1	6403
m	640 403	0	0	0	0	25s	100	1	6403
m	643 425	0	0	0	0	25s	100	1	6403
m	635 359	0	0	0	0	25s	100	1	6403
m	620 418	0	0	0	0	25s	100	1	6403
m	623 362	0	0	0	0	25s	100	1	6403
m	600 358	0	0	0	0	25s	100	1	6403
m	572 359	0	0	0	0	25s	100	1	6403
m	536 369	0	0	0	0	25s	100	1	6403
m	517 369	0	0	0	0	25s	100	1	6403
m	505 384	0	0	0	0	25s	100	1	6403
m	510 386	0	0	0	0	25s	100	1	6403
m	464 433	0	0	0	0	25s	100	1	6403
m	410 419	0	0	0	0	25s	100	1	6403
m	456 363	0	0	0	0	25s	100	1	6403
m	533 355	0	0	0	0	25s	100	1	6403
m	452 397	0	0	0	0	25s	100	1	6403
m	446 353	0	0	0	0	25s	100	1	6403
m	566 353	0	0	0	0	25s	100	1	6403
m	640 297	0	0	0	0	25s	100	1	6403
m	631 269	0	0	0	0	25s	100	1	6403
m	601 257	0	0	0	0	25s	100	1	6403
m	411 415	0	0	0	0	25s	100	1	6403
m	393 428	0	0	0	0	25s	100	1	6403
m	339 437	0	0	0	0	25s	100	1	6403
m	319 367	0	0	0	0	25s	100	1	6403
m	341 338	0	0	0	0	25s	100	1	6403
m	437 384	0	0	0	0	25s	100	1	6403
m	303 430	0	0	0	0	25s	100	1	6403
m	283 340	0	0	0	0	25s	100	1	6403
m	294 300	0	0	0	0	25s	100	1	6403
m	307 298	0	0	0	0	25s	100	1	6403
m	311 410	0	0	0	0	25s	100	1	6403
m	299 467	0	0	0	0	25s	100	1	6403
m	215 504	0	0	0	0	25s	100	1	6403
m	226 478	0	0	0	0	25s	100	1	6403
m	166 444	0	0	0	0	25s	100	1	6403
m	117 440	0	0	0	0	25s	100	1	6403
m	128 456	0	0	0	0	25s	100	1	6403
m	280 497	0	0	0	0	25s	100	1	6403
m	138 446	0	0	0	0	25s	100	1	6403
m	85 424	0	0	0	0	25s	100	1	6403
m	100 403	0	0	0	0	25s	100	1	6403
m	106 452	0	0	0	0	25s	100	1	6403
m	152 455	0	0	0	0	25s	100	1	6403
m	170 639	0	0	0	0	25s	100	1	6403
m	178 662	0	0	0	0	25s	100	1	6403
m	180 659	0	0	0	0	25s	100	1	6403
m	206 647	0	0	0	0	25s	100	1	6403
m	135 602	0	0	0	0	25s	100	1	6403
m	149 618	0	0	0	0	25s	100	1	6403
m	244 612	0	0	0	0	25s	100	1	6403
m	157 692	0	0	0	0	25s	100	1	6403
m	120 617	0	0	0	0	25s	100	1	6403
m	187 639	0	0	0	0	25s	100	1	6403
m	193 687	0	0	0	0	25s	100	1	6403
m	165 667	0	0	0	0	25s	100	1	6403
m	228 616	0	0	0	0	25s	100	1	6403
m	183 666	0	0	0	0	25s	100	1	6403
m	152 588	0	0	0	0	25s	100	1	6403
m	160 669	0	0	0	0	25s	100	1	6403
m	250 744	0	0	0	0	25s	100	1	6403
m	272 780	0	0	0	0	25s	100	1	6403
m	315 853	0	0	0	0	25s	100	1	6403
m	333 867	0	0	0	0	25s	100	1	6403
m	307 815	0	0	0	0	25s	100	1	6403
m	260 743	0	0	0	0	25s	100	1	6403
m	230 700	0	0	0	0	25s	100	1	6403
m	180 596	0	0	0	0	25s	100	1	6403
m	100 235	0	0	0	0	25s	100	1	6403
m	75 231	0	0	0	0	25s	100	1	6403
m	102 255	0	0	0	0	25s	100	1	6403
m	91 238	0	0	0	0	25s	100	1	6403
m	82 336	0	0	0	0	25s	100	1	6403
m	135 319	0	0	0	0	25s	100	1	6403
m	211 280	0	0	0	0	25s	100	1	6403
m	252 257	0	0	0	0	25s	100	1	6403
m	267 237	0	0	0	0	25s	100	1	6403
m	174 289	0	0	0	0	25s	100	1	6403
m	230 285	0	0	0	0	25s	100	1	6403
m	283 252	0	0	0	0	25s	100	1	6403
m	237 120	0	0	0	0	25s	100	1	6403
m	316 140	0	0	0	0	25s	100	1	6403
m	352 159	0	0	0	0	25s	100	1	6403
m	248 124	0	0	0	0	25s	100	1	6403
m	403 111	0	0	0	0	25s	100	1	6403
m	377 149	0	0	0	0	25s	100	1	6403
m	360 89	0	0	0	0	25s	100	1	6403
m	312 146	0	0	0	0	25s	100	1	6403
m	343 101	0	0	0	0	25s	100	1	6403
m	351 198	0	0	0	0	25s	100	1	6403
m	389 109	0	0	0	0	25s	100	1	6403
m	470 92	0	0	0	0	25s	100	1	6403
m	548 68	0	0	0	0	25s	100	1	6403
m	600 120	0	0	0	0	25s	100	1	6403
m	587 88	0	0	0	0	25s	100	1	6403
